2584
0.203991 0.328069 0.948000 64 50 33
0.206562 0.328066 0.948000 56 44 27
0.208912 0.327717 0.947000 51 39 22
0.237970 0.325275 0.940000 54 36 20
0.240521 0.325275 0.940000 57 39 23
0.243330 0.325621 0.941000 55 37 21
0.142439 0.325956 0.949000 52 40 23
0.144860 0.325607 0.948000 59 45 28
0.147432 0.325602 0.948000 55 41 24
0.090746 0.322812 0.947000 55 39 24
0.093316 0.322807 0.947000 53 37 22
0.095685 0.322121 0.945000 53 35 19
0.098354 0.322457 0.946000 56 38 22
0.103161 0.321425 0.943000 57 39 23
0.105609 0.321079 0.942000 57 39 23
0.118140 0.320372 0.940000 68 50 34
0.120434 0.319685 0.938000 59 39 23
0.122848 0.319339 0.937000 65 43 27
0.125524 0.319675 0.938000 62 40 24
0.128206 0.320010 0.939000 63 41 25
0.253546 0.320515 0.941000 63 36 21
0.026505 0.321011 0.949000 68 53 38
0.029022 0.320333 0.947000 73 58 43
0.031595 0.320331 0.947000 67 52 37
0.036702 0.319989 0.946000 69 52 40
0.041797 0.319646 0.945000 69 51 36
0.051845 0.318283 0.941000 71 51 35
0.256372 0.318298 0.942000 62 38 22
-0.032798 0.318447 0.949000 77 61 46
-0.030220 0.318449 0.949000 70 52 37
-0.027583 0.317780 0.947000 78 59 47
-0.102390 0.315787 0.949000 76 57 47
-0.099604 0.315126 0.947000 80 61 51
-0.096930 0.314799 0.946000 74 55 45
-0.094362 0.314804 0.946000 70 51 41
-0.104308 0.311239 0.943000 81 56 44
-0.099188 0.311250 0.943000 82 57 45
-0.079126 0.310381 0.948000 71 44 30
-0.076552 0.310385 0.948000 67 40 26
-0.050854 0.310750 0.949000 67 46 34
-0.048275 0.310753 0.949000 65 44 30
-0.045649 0.310428 0.948000 66 45 31
-0.043118 0.310758 0.949000 66 45 31
-0.040497 0.310434 0.948000 67 46 32
-0.037921 0.310436 0.948000 68 50 35
-0.035345 0.310438 0.948000 68 49 37
-0.007008 0.310453 0.948000 63 47 37
-0.004431 0.310453 0.948000 67 51 41
0.157911 0.300705 0.919000 19 17 7
0.263150 0.310034 0.948000 57 39 24
-0.122884 0.307730 0.948000 61 38 24
-0.120438 0.308061 0.949000 62 39 25
0.072233 0.305236 0.940000 23 15 8
0.074548 0.304257 0.937000 24 16 7
0.077340 0.305227 0.940000 24 16 7
0.080488 0.307495 0.947000 24 16 9
0.155932 0.299201 0.922000 7 12 1
0.208161 0.302331 0.932000 18 15 8
0.210914 0.302650 0.933000 17 14 7
0.219213 0.307182 0.947000 18 15 8
0.262873 0.307137 0.947000 57 39 24
0.079302 0.300432 0.933000 19 14 7
0.082976 0.304613 0.946000 19 14 7
0.116735 0.305508 0.949000 15 10 4
0.119311 0.305501 0.949000 16 11 5
0.121758 0.305173 0.948000 16 11 5
0.124199 0.304845 0.947000 17 12 6
0.126635 0.304517 0.946000 17 12 6
0.129339 0.304833 0.947000 14 11 5
0.149734 0.304459 0.946000 13 10 4
0.152300 0.304452 0.946000 17 12 6
0.154702 0.304124 0.945000 14 11 5
0.165219 0.295396 0.918000 32 39 27
0.203654 0.296918 0.923000 20 22 12
0.205039 0.295304 0.918000 36 41 30
0.207528 0.295299 0.918000 30 35 24
0.221785 0.304614 0.947000 17 22 11
0.262596 0.304246 0.946000 58 40 25
0.078202 0.293763 0.920000 8 12 4
0.081841 0.297909 0.933000 10 11 5
0.085551 0.302055 0.946000 10 11 5
0.106212 0.302331 0.947000 12 9 3
0.108783 0.302325 0.947000 13 10 4
0.116249 0.301668 0.945000 12 9 3
0.123830 0.295259 0.925000 9 10 4
0.126477 0.295572 0.926000 8 12 5
0.134059 0.301305 0.944000 13 14 8
0.148949 0.300307 0.941000 36 32 22
0.155099 0.292622 0.917000 38 48 33
0.165406 0.293234 0.919000 34 43 31
0.168994 0.295142 0.925000 31 36 24
0.201811 0.295382 0.926000 27 28 14
0.202335 0.292506 0.917000 38 43 31
0.224831 0.302683 0.949000 20 24 16
0.262042 0.301042 0.944000 58 37 23
-0.141058 0.300321 0.949000 87 58 44
0.031644 0.300213 0.948000 19 16 10
0.034040 0.298627 0.943000 12 9 3
0.036448 0.297358 0.939000 12 11 5
0.039083 0.297989 0.941000 11 10 4
0.047153 0.300514 0.949000 12 11 5
0.049679 0.300194 0.948000 14 11 5
0.052200 0.299874 0.947000 16 13 7
0.066568 0.295102 0.932000 13 14 8
0.080969 0.292226 0.923000 10 14 7
0.084651 0.296336 0.936000 11 15 8
0.088404 0.300447 0.949000 16 17 11
0.098609 0.300109 0.948000 23 22 16
0.101076 0.299786 0.947000 24 21 15
0.117060 0.294680 0.931000 47 44 37
0.118431 0.291825 0.922000 22 24 16
0.120015 0.289603 0.915000 27 31 23
0.122498 0.289597 0.915000 32 38 30
0.124844 0.289274 0.914000 33 39 31
0.136771 0.299065 0.945000 22 22 12
0.152260 0.294271 0.930000 40 39 25
0.165592 0.291066 0.920000 36 46 29
0.169000 0.292642 0.925000 35 41 24
0.201599 0.292560 0.925000 23 25 8
0.215705 0.291263 0.921000 15 24 13
0.223414 0.298215 0.943000 16 25 14
0.227408 0.300108 0.949000 11 17 9
0.261766 0.298165 0.943000 59 38 24
-0.140767 0.297130 0.947000 81 63 47
-0.027597 0.297344 0.947000 24 19 9
-0.025049 0.297660 0.948000 21 16 6
-0.022496 0.297976 0.949000 19 14 4
-0.017337 0.297978 0.949000 15 10 3
-0.014757 0.297979 0.949000 16 11 4
-0.012164 0.297666 0.948000 19 14 8
0.000722 0.297982 0.949000 13 10 4
0.003299 0.297668 0.948000 15 12 6
0.011042 0.297981 0.949000 14 11 5
0.013622 0.297980 0.949000 15 14 8
0.023941 0.297975 0.949000 15 16 10
0.026520 0.297973 0.949000 16 17 11
0.029039 0.297343 0.947000 21 20 14
0.031446 0.295771 0.942000 34 33 27
0.033573 0.292001 0.930000 40 40 32
0.035907 0.290429 0.925000 24 26 18
0.038379 0.290113 0.924000 22 26 19
0.062497 0.297305 0.947000 22 24 16
0.066715 0.293215 0.934000 16 20 12
0.080710 0.288793 0.920000 33 42 31
0.084114 0.291927 0.930000 28 35 24
0.114539 0.292172 0.931000 40 39 25
0.115809 0.289028 0.921000 31 34 22
0.127888 0.288054 0.918000 33 41 26
0.131658 0.290872 0.927000 30 35 21
0.152758 0.292699 0.933000 42 39 25
0.169555 0.291082 0.928000 40 46 29
0.202694 0.291625 0.930000 26 28 11
0.215476 0.288456 0.920000 17 26 14
0.223893 0.296289 0.945000 17 26 15
0.261490 0.295295 0.942000 60 39 25
0.031114 0.290117 0.932000 36 39 27
0.040938 0.287929 0.925000 28 35 24
0.080803 0.286621 0.921000 36 45 33
0.084119 0.289417 0.930000 41 48 36
0.110197 0.291538 0.937000 38 35 21
0.112620 0.291221 0.936000 39 36 20
0.128174 0.286197 0.920000 31 39 22
0.131948 0.288990 0.929000 37 41 24
0.154463 0.288616 0.928000 43 45 28
0.203572 0.290352 0.934000 33 32 18
0.203455 0.286616 0.922000 40 43 29
0.217355 0.288452 0.928000 28 38 23
0.224372 0.294353 0.947000 12 21 9
-0.135786 0.292337 0.948000 43 25 10
0.031016 0.286677 0.929000 28 31 19
0.068964 0.286936 0.930000 40 42 25
0.070646 0.283538 0.919000 37 42 28
0.084305 0.287524 0.932000 40 45 31
0.104554 0.287479 0.932000 36 33 19
0.108203 0.283765 0.920000 39 38 22
0.110942 0.284376 0.922000 37 39 22
0.125274 0.282794 0.917000 33 43 28
0.156987 0.286102 0.928000 40 49 30
0.205448 0.286895 0.931000 57 58 44
0.206407 0.284731 0.924000 35 40 26
0.216424 0.284708 0.924000 12 23 6
0.219639 0.285627 0.927000 14 24 9
-0.135936 0.290083 0.949000 47 28 16
0.031052 0.284477 0.930000 36 35 19
0.043834 0.285382 0.933000 29 37 22
0.071419 0.284116 0.929000 41 45 28
0.073227 0.281359 0.920000 32 38 21
0.086935 0.285309 0.933000 40 44 27
0.102139 0.285275 0.933000 35 32 16
0.122658 0.280019 0.916000 35 45 30
0.130277 0.285813 0.935000 33 39 22
0.157333 0.284205 0.930000 34 40 22
0.165253 0.284794 0.932000 31 37 19
0.208200 0.284675 0.932000 16 22 5
0.214556 0.279764 0.916000 51 63 44
0.217038 0.279758 0.916000 21 30 18
0.255644 0.283971 0.930000 67 40 25
-0.135944 0.287519 0.949000 42 23 11
-0.014621 0.285010 0.940000 36 33 19
-0.012026 0.284101 0.937000 33 30 16
-0.009499 0.284708 0.939000 31 28 14
0.003247 0.282890 0.933000 49 47 36
0.005785 0.282890 0.933000 52 53 41
0.008322 0.282889 0.933000 31 31 21
0.010940 0.285011 0.940000 36 36 26
0.031354 0.284696 0.939000 38 37 21
0.033546 0.281662 0.929000 43 47 30
0.074187 0.282514 0.932000 40 42 24
0.088995 0.281270 0.928000 43 45 28
0.092206 0.283386 0.935000 39 36 20
0.102322 0.276386 0.912000 41 43 26
0.118335 0.279074 0.921000 41 53 34
0.120966 0.279370 0.922000 40 51 32
0.127610 0.282992 0.934000 40 44 27
0.155151 0.282306 0.932000 46 46 28
0.164906 0.281670 0.930000 37 41 23
0.210959 0.282449 0.933000 31 37 19
0.219526 0.277273 0.916000 19 28 16
0.255647 0.281450 0.930000 67 40 25
-0.017050 0.280369 0.933000 37 34 18
-0.006924 0.281274 0.936000 30 34 17
-0.004392 0.282176 0.939000 30 34 17
0.010824 0.279470 0.930000 33 37 29
0.013497 0.282474 0.940000 22 27 16
0.033873 0.281860 0.938000 27 29 12
0.036307 0.280956 0.935000 29 38 19
0.076724 0.279993 0.932000 37 39 21
0.088234 0.276362 0.920000 42 47 33
0.091423 0.278459 0.927000 46 47 33
0.094752 0.280856 0.935000 47 44 28
0.100837 0.276633 0.921000 40 37 21
0.120141 0.280791 0.935000 34 43 24
0.122679 0.280784 0.935000 36 40 22
0.168155 0.280350 0.934000 25 29 11
0.223710 0.276887 0.923000 16 21 10
0.255651 0.278930 0.930000 68 41 26
-0.019610 0.278148 0.934000 34 31 17
-0.016905 0.275469 0.925000 39 38 22
0.010814 0.276663 0.929000 41 48 37
0.013484 0.279640 0.939000 26 31 20
0.039102 0.280217 0.941000 40 49 30
0.076894 0.278073 0.934000 42 44 27
0.078411 0.274495 0.922000 39 50 31
0.090837 0.274170 0.921000 44 47 33
0.094150 0.276546 0.929000 47 46 30
0.101063 0.274742 0.923000 35 34 18
0.113717 0.275007 0.924000 29 40 21
0.117484 0.277976 0.934000 31 40 21
0.153130 0.278170 0.935000 36 33 17
0.163857 0.274859 0.924000 42 51 32
0.167803 0.277230 0.932000 34 38 20
0.223474 0.274092 0.922000 20 25 14
-0.022483 0.279757 0.948000 29 27 16
-0.019569 0.275037 0.932000 27 28 14
0.010861 0.275336 0.933000 45 54 42
0.013513 0.277696 0.941000 40 45 33
0.041574 0.277084 0.939000 41 52 33
0.051621 0.276186 0.936000 44 47 33
0.076899 0.275552 0.934000 44 47 33
0.078331 0.271712 0.921000 40 50 33
0.090646 0.271094 0.919000 37 42 28
0.094054 0.273743 0.928000 36 37 23
0.103576 0.272243 0.923000 34 38 21
0.105622 0.271057 0.919000 31 39 24
0.108236 0.271345 0.920000 30 38 21
0.111095 0.272223 0.923000 31 39 22
0.152974 0.275349 0.934000 37 36 20
0.164042 0.272656 0.925000 44 52 35
0.168171 0.275301 0.934000 31 37 20
0.212592 0.273691 0.929000 22 24 6
0.224207 0.272480 0.925000 23 27 19
0.254771 0.275661 0.936000 59 37 21
-0.019717 0.274569 0.939000 36 37 23
-0.016981 0.271646 0.929000 27 32 20
0.005805 0.273697 0.936000 41 51 36
0.008369 0.274281 0.938000 40 49 37
0.049185 0.274248 0.938000 42 46 29
0.078847 0.270979 0.927000 35 41 24
0.090750 0.268905 0.920000 37 42 28
0.094263 0.271822 0.930000 37 40 26
0.154349 0.270772 0.927000 40 44 27
0.164760 0.271325 0.929000 41 49 32
0.215347 0.271463 0.930000 39 40 26
0.217780 0.268238 0.919000 30 39 28
-0.027673 0.274926 0.949000 24 24 14
-0.017183 0.272326 0.940000 32 35 23
-0.014533 0.270588 0.934000 28 31 17
-0.012005 0.270879 0.935000 32 37 23
-0.009482 0.271459 0.937000 35 41 24
-0.006963 0.272619 0.941000 34 40 22
-0.004412 0.273199 0.943000 28 34 16
-0.001847 0.273199 0.943000 18 24 6
0.081459 0.268761 0.928000 23 29 12
0.083348 0.266728 0.921000 39 47 30
0.085664 0.266143 0.919000 31 41 26
0.088257 0.266427 0.920000 37 45 30
0.094979 0.271338 0.937000 41 43 26
0.156872 0.268259 0.927000 41 45 28
0.159042 0.267673 0.925000 37 43 26
0.162423 0.269111 0.930000 40 46 29
0.218576 0.269807 0.933000 17 22 10
0.220156 0.268643 0.929000 20 27 16
0.222913 0.268925 0.930000 13 19 11
0.086788 0.267105 0.931000 39 45 28
0.089318 0.267099 0.931000 38 44 27
0.092341 0.268527 0.936000 39 42 28
0.158572 0.268621 0.937000 34 33 17
0.160941 0.268326 0.936000 35 37 20
0.229560 0.271271 0.947000 11 15 8
0.223259 0.264755 0.942000 17 21 13
0.071391 0.258759 0.928000 39 38 22
0.073675 0.257917 0.925000 40 39 23
0.168761 0.260990 0.937000 35 33 15
0.172543 0.259023 0.930000 38 35 19
0.173935 0.257343 0.924000 39 36 22
0.176440 0.257335 0.924000 29 27 16
0.192501 0.258676 0.929000 29 30 16
0.195228 0.258946 0.930000 31 30 16
0.198173 0.259495 0.932000 35 34 20
0.223503 0.262484 0.943000 22 24 16
0.070626 0.253491 0.918000 39 41 24
0.072963 0.252934 0.916000 39 41 24
0.076030 0.254862 0.923000 31 33 16
0.079390 0.257617 0.933000 31 33 16
0.169848 0.256242 0.929000 45 42 26
0.171873 0.251811 0.913000 35 38 26
0.178759 0.254552 0.923000 35 40 29
0.187129 0.252312 0.915000 20 27 15
0.195417 0.253390 0.919000 26 29 17
0.199630 0.255587 0.927000 33 36 22
0.223748 0.260208 0.944000 18 22 15
-0.009486 0.256281 0.937000 36 33 19
-0.006929 0.256008 0.936000 35 32 18
0.066711 0.255123 0.933000 36 35 21
0.068135 0.251017 0.918000 46 49 35
0.079140 0.254277 0.930000 37 40 26
0.167479 0.250180 0.916000 34 35 21
0.174165 0.249061 0.912000 40 45 34
0.178574 0.251784 0.922000 46 51 40
0.185364 0.254224 0.931000 24 29 18
0.185062 0.250392 0.917000 18 25 14
0.198131 0.251169 0.920000 38 43 29
0.202150 0.253071 0.927000 25 28 14
0.206207 0.254974 0.934000 29 30 16
0.224941 0.259019 0.949000 19 23 16
-0.140743 0.255926 0.946000 92 74 58
-0.135895 0.256484 0.948000 67 45 29
-0.030206 0.256446 0.947000 24 28 21
-0.012037 0.253749 0.937000 39 36 22
0.066502 0.251791 0.930000 38 37 23
0.079231 0.252035 0.931000 33 38 24
0.165005 0.247712 0.916000 36 39 25
0.174747 0.247407 0.915000 38 45 34
0.179358 0.250372 0.926000 32 37 26
0.185373 0.251706 0.931000 23 26 14
0.185272 0.248183 0.918000 33 41 26
0.201504 0.249753 0.924000 34 39 25
0.224949 0.256451 0.949000 21 22 16
0.229605 0.255894 0.947000 16 17 11
0.266068 0.256337 0.949000 68 41 26
-0.140901 0.253637 0.947000 85 67 52
-0.135760 0.253654 0.947000 66 44 28
-0.011961 0.249609 0.931000 40 39 25
0.079492 0.250324 0.934000 34 37 23
0.163417 0.246583 0.921000 33 36 22
0.174947 0.245200 0.916000 40 47 36
0.186178 0.250259 0.935000 34 35 21
0.186290 0.247038 0.923000 37 42 28
0.204237 0.247512 0.925000 25 31 14
0.207413 0.248306 0.928000 30 32 14
0.229855 0.253599 0.948000 17 18 12
0.265794 0.253499 0.948000 63 43 27
-0.141058 0.251343 0.948000 78 59 47
-0.135625 0.250830 0.946000 69 44 30
-0.011974 0.247360 0.932000 46 47 35
0.066511 0.246766 0.930000 42 41 25
0.117824 0.248230 0.936000 38 36 18
0.119851 0.247161 0.932000 30 28 10
0.122776 0.247949 0.935000 41 39 21
0.163603 0.244358 0.922000 34 40 23
0.172284 0.242467 0.915000 46 53 42
0.188317 0.247192 0.933000 33 35 18
0.188596 0.244268 0.922000 40 44 27
0.230106 0.251298 0.949000 22 26 18
0.265239 0.250401 0.946000 65 43 27
-0.011988 0.245104 0.933000 38 39 25
0.066588 0.244515 0.931000 40 39 23
0.073626 0.242661 0.924000 46 57 38
0.115412 0.245970 0.937000 44 41 25
0.125323 0.245414 0.935000 48 45 29
0.163034 0.244760 0.933000 29 31 14
0.163612 0.241865 0.922000 34 40 22
0.173611 0.241829 0.922000 48 58 43
0.177639 0.243918 0.930000 30 35 23
0.190650 0.244397 0.932000 31 33 16
0.191517 0.242290 0.924000 37 43 26
0.265526 0.248101 0.947000 64 42 26
-0.141224 0.246477 0.949000 100 81 69
-0.012066 0.244143 0.939000 41 40 24
-0.009459 0.242844 0.934000 30 34 17
0.031257 0.243090 0.935000 51 49 31
0.066736 0.242519 0.933000 34 36 18
0.073951 0.241204 0.928000 34 45 26
0.115050 0.242658 0.934000 52 49 33
0.125063 0.242367 0.933000 31 33 16
0.162868 0.241977 0.932000 19 23 5
0.163798 0.239631 0.923000 33 42 23
0.171306 0.239604 0.923000 41 52 33
0.175692 0.242191 0.933000 41 49 32
0.214516 0.240229 0.926000 13 21 13
0.219367 0.242815 0.936000 23 29 21
0.264691 0.244758 0.944000 69 40 25
-0.141084 0.243654 0.948000 94 75 63
-0.012106 0.242377 0.942000 43 43 25
0.028837 0.241595 0.939000 38 37 21
0.066454 0.238968 0.929000 39 43 26
0.077057 0.240491 0.935000 27 31 13
0.114935 0.239876 0.933000 39 36 20
0.125071 0.239845 0.933000 28 32 15
0.162702 0.239200 0.931000 23 27 9
0.171872 0.237879 0.926000 45 54 35
0.214293 0.237467 0.925000 23 31 23
0.219610 0.240539 0.937000 9 17 9
0.264417 0.241945 0.943000 66 42 26
-0.140944 0.240837 0.947000 94 75 63
0.028809 0.238802 0.938000 26 28 11
0.066245 0.235694 0.926000 36 42 25
0.076980 0.237709 0.934000 35 41 24
0.115189 0.237863 0.935000 27 27 9
0.125214 0.237576 0.934000 45 49 31
0.162712 0.236682 0.931000 45 51 33
0.172067 0.235628 0.927000 46 54 37
0.205445 0.233466 0.919000 33 44 29
0.207934 0.233457 0.919000 35 45 30
0.211110 0.234210 0.922000 42 51 40
0.215228 0.235980 0.929000 29 38 27
0.257428 0.235335 0.927000 70 43 28
0.263583 0.238629 0.940000 66 44 28
-0.140953 0.238276 0.947000 106 87 77
0.031398 0.236516 0.939000 22 24 7
0.066321 0.233442 0.927000 43 46 32
0.073728 0.232923 0.925000 52 61 49
0.077151 0.235687 0.936000 26 33 21
0.115320 0.235586 0.936000 21 23 5
0.125088 0.234799 0.933000 34 38 20
0.162371 0.233661 0.929000 12 21 2
0.172448 0.233624 0.929000 45 50 36
0.207466 0.233242 0.928000 38 42 25
0.210206 0.233484 0.929000 42 46 29
0.213179 0.233977 0.931000 49 52 38
0.257990 0.233327 0.929000 71 44 29
0.263589 0.236083 0.940000 69 44 30
-0.141259 0.236213 0.949000 104 88 78
-0.137368 0.233981 0.940000 85 52 41
0.068774 0.230681 0.926000 38 47 35
0.071370 0.230925 0.927000 40 49 37
0.113869 0.235304 0.945000 109 106 90
0.115204 0.232806 0.935000 20 24 6
0.162381 0.231148 0.929000 23 27 9
0.169024 0.229876 0.924000 40 48 31
0.257442 0.230314 0.927000 71 44 30
-0.141268 0.233646 0.949000 104 88 78
0.114117 0.233240 0.947000 18 17 1
0.162914 0.229374 0.932000 23 25 7
0.164377 0.227888 0.926000 49 55 37
0.166708 0.227632 0.925000 40 49 30
0.227118 0.232835 0.947000 36 38 30
0.255853 0.233233 0.949000 54 32 16
0.221062 0.229318 0.943000 35 33 22
0.224089 0.229795 0.945000 34 34 24
0.227607 0.230758 0.949000 24 26 18
0.255861 0.230663 0.949000 54 32 16
0.220368 0.226044 0.940000 37 35 24
0.227376 0.227949 0.948000 26 28 20
0.191653 0.223188 0.949000 24 26 16
0.191663 0.220619 0.949000 24 28 20
0.262799 0.217564 0.937000 105 65 55
0.173081 0.214203 0.932000 11 13 3
0.174478 0.212814 0.926000 5 10 0
0.176797 0.212575 0.925000 3 10 0
0.170381 0.211462 0.931000 12 16 8
0.170719 0.205765 0.906000 28 37 26
0.173175 0.205756 0.906000 16 25 14
0.176988 0.207336 0.913000 2 10 2
0.214591 0.215164 0.948000 19 23 16
0.261974 0.211807 0.934000 107 77 62
0.147936 0.213077 0.949000 10 11 5
0.179865 0.205303 0.915000 3 12 1
0.192422 0.210883 0.940000 25 25 17
0.258215 0.212439 0.948000 68 38 23
0.261701 0.209053 0.933000 110 78 63
0.025887 0.205240 0.924000 0 3 0
0.028436 0.205460 0.925000 5 6 0
0.034345 0.210786 0.949000 7 8 2
0.166739 0.201987 0.911000 4 12 5
0.179285 0.202161 0.912000 61 70 58
0.184348 0.205033 0.925000 47 50 38
0.257951 0.209649 0.947000 69 37 20
0.018771 0.207569 0.946000 6 10 3
0.030658 0.200977 0.916000 8 12 5
0.033697 0.204266 0.931000 12 15 11
0.036895 0.207993 0.948000 15 18 14
0.039478 0.207990 0.948000 27 30 26
0.042017 0.207768 0.947000 10 13 9
0.044597 0.207765 0.947000 5 10 6
0.123571 0.206044 0.940000 30 27 20
0.126126 0.206036 0.940000 46 44 34
0.128680 0.206027 0.940000 50 48 38
0.133787 0.206010 0.940000 64 60 50
0.136196 0.205782 0.939000 65 60 53
0.166566 0.199301 0.910000 60 68 61
0.178902 0.199253 0.910000 57 67 50
0.183760 0.201871 0.922000 57 63 46
-0.133493 0.205201 0.948000 95 65 56
-0.004332 0.200244 0.924000 16 22 15
-0.001808 0.199594 0.921000 18 23 19
0.000707 0.200678 0.926000 12 17 13
0.011060 0.205443 0.948000 15 14 8
0.013630 0.205226 0.947000 20 19 13
0.016245 0.205658 0.949000 26 23 17
0.018534 0.202406 0.934000 35 34 28
0.033156 0.198494 0.916000 14 20 13
0.036275 0.201958 0.932000 13 17 10
0.125597 0.202624 0.936000 65 61 50
0.128004 0.202399 0.935000 70 66 55
0.130405 0.202174 0.934000 59 55 44
0.132230 0.201083 0.929000 49 45 34
0.134754 0.201075 0.929000 58 53 43
0.137720 0.201715 0.932000 56 51 41
0.166941 0.197269 0.912000 52 58 50
0.178911 0.196788 0.910000 64 74 57
0.184168 0.199806 0.924000 78 84 67
0.226023 0.203550 0.942000 42 45 41
-0.133501 0.202633 0.948000 104 70 62
-0.095258 0.198251 0.927000 9 13 13
-0.093036 0.198899 0.930000 8 12 12
-0.069103 0.203021 0.949000 19 18 14
-0.066448 0.202813 0.948000 41 40 34
-0.019929 0.202657 0.947000 42 45 42
-0.017311 0.202230 0.945000 43 43 41
-0.006866 0.198168 0.926000 73 74 68
0.003224 0.197740 0.924000 51 59 52
0.018476 0.199233 0.931000 87 85 75
0.020562 0.194952 0.911000 64 68 60
0.033050 0.195370 0.913000 63 67 60
0.122405 0.199028 0.931000 43 40 26
0.125822 0.196446 0.919000 58 55 41
0.128039 0.196010 0.917000 42 41 27
0.130104 0.195361 0.914000 62 61 47
0.132877 0.195780 0.916000 61 60 46
0.136104 0.196840 0.921000 79 77 66
0.140110 0.198968 0.931000 65 65 55
0.149597 0.201506 0.943000 20 22 14
0.168598 0.196721 0.921000 47 48 34
0.185174 0.198371 0.929000 76 84 67
0.218026 0.196100 0.919000 56 60 53
0.220034 0.195664 0.917000 24 30 23
0.242863 0.202220 0.948000 45 40 34
-0.133369 0.199853 0.947000 66 38 29
-0.099660 0.194459 0.921000 61 67 69
-0.096943 0.194043 0.919000 69 76 73
-0.087697 0.195758 0.927000 53 60 56
-0.084077 0.199149 0.943000 72 77 74
-0.081337 0.198733 0.941000 64 67 64
-0.078859 0.198950 0.942000 74 74 72
-0.073964 0.199595 0.945000 79 76 70
-0.042843 0.198590 0.940000 60 64 64
-0.040281 0.198593 0.940000 61 65 65
-0.006800 0.193757 0.917000 24 28 20
0.018438 0.196288 0.929000 75 72 56
0.020587 0.192695 0.912000 68 74 57
0.035813 0.194372 0.920000 60 63 49
0.038904 0.197327 0.934000 59 58 44
0.120011 0.196724 0.932000 43 39 25
0.120835 0.193972 0.919000 61 46 31
0.138614 0.194336 0.921000 70 75 64
0.142800 0.196648 0.932000 67 69 59
0.170734 0.193795 0.919000 49 53 35
0.185384 0.196065 0.930000 26 31 20
0.212406 0.195325 0.927000 78 77 63
0.222282 0.192959 0.916000 19 27 20
0.243129 0.199863 0.949000 37 32 26
-0.106496 0.195283 0.937000 71 74 78
-0.102172 0.191956 0.921000 73 80 82
-0.085180 0.193252 0.927000 54 62 55
-0.082835 0.193675 0.929000 41 49 42
-0.079960 0.192847 0.925000 45 51 44
-0.077357 0.192644 0.924000 64 68 61
-0.075003 0.193067 0.926000 77 74 67
-0.073030 0.194532 0.933000 56 52 42
-0.045118 0.194788 0.934000 17 19 11
-0.009504 0.195442 0.937000 56 52 41
-0.006793 0.191063 0.916000 30 33 21
0.005738 0.192523 0.923000 53 58 44
0.018519 0.194604 0.933000 92 89 73
0.020633 0.190640 0.914000 67 73 56
0.035738 0.191461 0.918000 70 76 59
0.038907 0.194796 0.934000 75 74 58
0.111452 0.192555 0.924000 45 41 25
0.113718 0.192131 0.922000 71 67 50
0.118474 0.191699 0.920000 50 48 30
0.137870 0.190799 0.916000 60 69 58
0.142349 0.193498 0.929000 57 58 46
0.171487 0.192137 0.923000 63 68 46
0.209680 0.192615 0.926000 54 52 34
0.243138 0.197292 0.949000 47 42 36
0.268239 0.196787 0.947000 128 93 82
-0.132823 0.193899 0.943000 85 55 44
-0.106731 0.193155 0.939000 64 68 68
-0.102179 0.189460 0.921000 8 19 14
-0.072409 0.190356 0.925000 69 75 58
-0.070418 0.191802 0.932000 76 63 50
-0.045025 0.191844 0.932000 46 48 30
-0.009525 0.193314 0.939000 48 44 30
-0.006779 0.188168 0.914000 47 50 36
0.005726 0.189609 0.921000 54 59 45
0.018599 0.192899 0.937000 69 66 52
0.038868 0.192058 0.933000 55 59 41
0.106779 0.190683 0.927000 56 52 35
0.109771 0.187171 0.910000 77 75 57
0.112245 0.187164 0.910000 66 66 48
0.137878 0.188317 0.916000 60 69 57
0.142512 0.191186 0.930000 42 43 29
0.170939 0.189020 0.920000 59 69 46
0.182812 0.188356 0.917000 81 73 64
0.204454 0.189921 0.925000 49 47 29
0.206735 0.189705 0.924000 37 39 21
0.267964 0.194015 0.946000 130 92 84
-0.099789 0.187173 0.922000 58 72 61
-0.069819 0.187651 0.924000 50 53 39
0.005726 0.187112 0.921000 44 49 35
0.020975 0.188731 0.929000 44 48 31
0.023179 0.186089 0.916000 61 72 55
0.038788 0.189122 0.931000 67 73 55
0.104489 0.188583 0.929000 76 73 57
0.107067 0.184306 0.908000 71 75 58
0.131895 0.184431 0.909000 60 75 62
0.135251 0.185640 0.915000 57 68 55
0.170019 0.185513 0.915000 70 81 62
0.182223 0.185263 0.914000 48 53 41
0.201178 0.189055 0.933000 46 43 27
0.201522 0.187019 0.923000 43 42 26
0.242901 0.191946 0.948000 58 53 47
-0.132840 0.188787 0.943000 103 73 64
-0.104635 0.188873 0.943000 41 43 35
-0.097709 0.185481 0.926000 65 84 64
-0.094983 0.185087 0.924000 59 80 60
-0.092368 0.184893 0.923000 54 75 55
-0.090245 0.185701 0.927000 55 74 51
-0.087816 0.185908 0.928000 71 90 67
-0.067890 0.186753 0.932000 81 84 72
0.005739 0.185015 0.923000 51 60 41
0.021202 0.188216 0.939000 28 28 20
0.023485 0.186010 0.928000 54 58 41
0.025763 0.184204 0.919000 58 69 50
0.041195 0.185993 0.928000 44 44 26
0.103259 0.183861 0.918000 67 66 50
0.122157 0.182200 0.910000 63 86 64
0.124219 0.181591 0.907000 62 85 65
0.126544 0.181383 0.906000 60 80 64
0.129861 0.182576 0.912000 57 74 61
0.137329 0.185962 0.929000 58 67 55
0.170772 0.183834 0.919000 39 47 30
0.182033 0.182586 0.913000 42 50 35
0.198816 0.184327 0.922000 48 50 33
0.215118 0.183260 0.917000 67 80 67
0.218074 0.183650 0.919000 57 66 59
0.223201 0.185839 0.930000 67 76 69
0.242654 0.189178 0.947000 56 51 45
-0.132989 0.186427 0.944000 112 81 72
-0.102292 0.186718 0.945000 57 50 39
-0.096121 0.184755 0.935000 69 80 61
-0.093576 0.184762 0.935000 69 83 64
-0.091225 0.185163 0.937000 74 86 65
-0.088958 0.185763 0.940000 68 83 60
-0.067967 0.184423 0.933000 67 75 67
-0.006966 0.185675 0.939000 48 42 25
-0.004334 0.182710 0.924000 58 60 42
-0.001797 0.180930 0.915000 52 63 42
0.005727 0.182116 0.921000 46 55 36
0.008346 0.184489 0.933000 67 63 47
0.023790 0.185866 0.940000 52 54 37
0.030743 0.181510 0.918000 52 76 52
0.043728 0.183473 0.928000 40 39 23
0.102929 0.180780 0.915000 63 66 52
0.117989 0.180933 0.916000 74 90 71
0.121401 0.182308 0.923000 50 65 43
0.123910 0.182300 0.923000 77 89 68
0.125871 0.181502 0.919000 70 81 62
0.128368 0.181494 0.919000 69 78 59
0.135249 0.184044 0.932000 81 85 67
0.171765 0.179755 0.911000 63 73 58
0.178192 0.178740 0.906000 57 76 63
0.214500 0.182362 0.925000 50 64 45
0.217004 0.182352 0.925000 52 61 49
0.220931 0.183525 0.931000 18 26 18
-0.077469 0.180312 0.925000 63 84 64
-0.074949 0.180318 0.925000 58 78 62
-0.072508 0.180518 0.926000 58 75 62
-0.070514 0.181888 0.933000 62 76 67
-0.068264 0.182672 0.937000 61 69 61
-0.004410 0.183324 0.940000 52 52 34
-0.001813 0.180008 0.923000 49 58 37
0.008257 0.180007 0.923000 69 78 66
0.010892 0.181957 0.933000 81 87 79
0.028703 0.181947 0.933000 61 61 41
0.030745 0.179019 0.918000 83 95 76
0.046561 0.182122 0.934000 61 64 50
0.104964 0.177512 0.911000 56 67 52
0.107089 0.176920 0.908000 56 69 54
0.115506 0.178457 0.916000 59 75 57
0.119156 0.180202 0.925000 65 77 58
0.122987 0.182143 0.935000 48 59 40
0.173660 0.179231 0.921000 65 69 52
0.174245 0.177276 0.911000 61 71 56
0.176133 0.176682 0.908000 59 68 56
0.184246 0.179777 0.924000 54 57 45
0.212923 0.180642 0.929000 55 63 46
-0.078479 0.180110 0.937000 85 89 71
-0.075765 0.179731 0.935000 76 82 64
-0.073296 0.179928 0.936000 65 71 54
-0.001811 0.177312 0.922000 37 46 27
0.010834 0.178464 0.928000 46 55 44
0.028829 0.180184 0.937000 58 52 35
0.030781 0.176721 0.919000 79 90 71
0.046414 0.179012 0.931000 53 54 40
0.108629 0.176955 0.921000 66 76 59
0.110893 0.176564 0.919000 62 72 55
0.113516 0.176748 0.920000 59 75 56
0.116901 0.178086 0.927000 63 74 55
0.120324 0.179423 0.934000 61 67 49
0.176550 0.177108 0.923000 61 62 48
0.178664 0.176715 0.921000 70 77 65
0.181554 0.177089 0.923000 72 79 68
0.200139 0.177981 0.928000 65 68 54
0.201779 0.177204 0.924000 68 73 59
0.204060 0.177002 0.923000 71 81 66
0.210871 0.178517 0.931000 73 81 64
-0.137852 0.178352 0.942000 130 93 90
-0.001811 0.174810 0.922000 82 88 71
0.010811 0.175566 0.926000 93 104 91
0.046368 0.176296 0.930000 32 37 23
0.230482 0.177437 0.939000 19 19 11
0.257865 0.176958 0.937000 81 43 26
-0.138007 0.175983 0.943000 127 94 91
0.008206 0.171372 0.917000 60 75 60
0.010824 0.173240 0.927000 84 95 82
0.031288 0.174536 0.934000 23 29 12
0.033401 0.172291 0.922000 72 81 69
0.043553 0.172654 0.924000 65 84 71
0.046571 0.174519 0.934000 38 49 34
0.230982 0.175264 0.941000 19 19 11
0.257874 0.174418 0.937000 81 42 28
-0.137869 0.173241 0.942000 120 90 89
0.000702 0.169251 0.919000 62 70 53
0.010860 0.171276 0.930000 80 89 77
0.033802 0.171814 0.933000 25 27 10
0.036035 0.170338 0.925000 68 78 63
0.038474 0.169967 0.923000 67 77 62
0.041125 0.170517 0.926000 67 77 62
0.043980 0.171803 0.933000 75 80 66
0.112605 0.171659 0.933000 76 70 53
0.114896 0.171284 0.931000 75 69 52
0.117554 0.171461 0.932000 51 45 28
0.231237 0.172896 0.942000 19 19 11
0.258434 0.172244 0.939000 84 45 31
-0.138170 0.171047 0.944000 110 91 89
-0.052340 0.167988 0.926000 76 72 55
-0.049868 0.168173 0.927000 58 52 35
-0.047800 0.169809 0.936000 58 52 35
0.000708 0.168208 0.927000 58 62 45
0.003210 0.166756 0.919000 61 71 56
0.005698 0.166211 0.916000 62 75 60
0.008269 0.167662 0.924000 70 80 65
0.010896 0.169295 0.933000 47 55 40
0.036505 0.170004 0.937000 29 31 13
0.119581 0.168199 0.928000 61 59 41
0.122894 0.169279 0.934000 66 60 43
0.176396 0.166915 0.922000 44 51 48
0.178314 0.166362 0.919000 50 57 54
-0.138032 0.168307 0.943000 119 89 88
-0.054513 0.164397 0.920000 46 44 26
-0.051665 0.163329 0.914000 69 63 46
-0.049226 0.163511 0.915000 62 60 42
-0.047140 0.164944 0.923000 53 51 33
-0.045202 0.167092 0.935000 61 59 41
0.003248 0.166226 0.930000 45 41 24
0.005767 0.165690 0.927000 66 70 52
0.008342 0.166583 0.932000 65 69 51
0.109963 0.162666 0.911000 62 71 52
0.114920 0.162652 0.911000 62 68 50
0.118171 0.163716 0.917000 56 58 40
0.121849 0.165315 0.926000 62 60 42
0.125442 0.166736 0.934000 66 62 45
0.172773 0.163353 0.916000 44 50 43
-0.138480 0.166274 0.946000 123 104 102
-0.093025 0.163408 0.929000 61 57 40
-0.089911 0.162359 0.923000 52 49 33
-0.087681 0.162892 0.926000 56 53 37
-0.085894 0.164305 0.934000 60 57 41
-0.057211 0.162423 0.923000 35 32 18
-0.044577 0.162265 0.922000 77 75 57
-0.042747 0.164907 0.937000 58 56 38
0.107087 0.163372 0.929000 51 55 47
0.107609 0.160376 0.912000 68 77 65
0.117405 0.160172 0.911000 62 72 57
0.120673 0.161219 0.917000 54 62 45
0.124375 0.162794 0.926000 55 51 34
0.170670 0.161228 0.918000 54 60 53
0.184313 0.162235 0.924000 41 49 41
0.192435 0.160618 0.915000 81 82 68
0.194914 0.160609 0.915000 59 61 44
0.202055 0.162345 0.925000 60 57 41
0.245818 0.166413 0.949000 24 16 9
-0.138341 0.163533 0.945000 116 97 95
-0.095458 0.160706 0.928000 62 60 42
-0.088845 0.157947 0.912000 60 62 45
-0.086550 0.158299 0.914000 64 63 47
-0.084704 0.159517 0.921000 72 71 57
-0.083177 0.161428 0.932000 75 72 56
-0.057153 0.159743 0.922000 56 56 46
-0.042339 0.160803 0.928000 50 56 39
-0.040236 0.162538 0.938000 53 55 38
0.028412 0.159949 0.923000 47 44 30
0.030863 0.159601 0.921000 40 37 23
0.033376 0.159599 0.921000 45 44 30
0.038735 0.160980 0.929000 45 43 33
0.107094 0.160850 0.929000 22 28 20
0.107616 0.157899 0.912000 73 82 71
0.119890 0.157691 0.911000 54 60 43
0.123442 0.159068 0.919000 62 64 47
0.127723 0.161311 0.932000 65 62 46
0.183923 0.159382 0.922000 41 49 41
0.200099 0.158280 0.916000 53 55 38
0.204348 0.159653 0.924000 53 50 34
0.245827 0.163840 0.949000 24 14 5
-0.138496 0.161138 0.946000 122 104 99
-0.104932 0.161064 0.945000 68 67 71
-0.094539 0.156651 0.919000 64 67 53
-0.082022 0.156680 0.919000 52 55 43
-0.080816 0.159243 0.934000 63 63 53
-0.057343 0.157749 0.925000 42 49 48
-0.042022 0.157087 0.921000 90 98 83
-0.039939 0.158796 0.931000 49 52 38
0.025951 0.157785 0.925000 44 46 36
0.041406 0.158965 0.932000 48 54 47
0.107447 0.158838 0.932000 53 53 43
0.107977 0.155934 0.915000 66 75 63
0.127319 0.158269 0.929000 65 64 48
0.167873 0.158306 0.930000 67 61 45
0.167831 0.155914 0.916000 57 56 40
0.179465 0.155188 0.912000 55 64 53
0.188725 0.156692 0.921000 33 30 23
0.188314 0.154301 0.907000 54 57 45
0.203031 0.156126 0.918000 57 56 40
-0.094853 0.154658 0.922000 100 102 102
-0.078611 0.157381 0.938000 86 90 83
-0.054468 0.154233 0.919000 67 80 75
-0.041934 0.154249 0.919000 61 72 55
-0.037642 0.157275 0.937000 100 96 85
-0.035161 0.157614 0.939000 95 90 79
0.025953 0.155271 0.925000 53 55 45
0.041008 0.154921 0.923000 62 68 60
0.043715 0.155590 0.927000 63 67 59
0.046194 0.155419 0.926000 83 83 73
0.048826 0.155752 0.928000 91 89 79
0.108574 0.154287 0.920000 37 42 28
0.123457 0.154077 0.919000 55 65 50
0.127464 0.155914 0.930000 45 49 32
0.167521 0.155446 0.928000 88 80 63
0.167474 0.153092 0.914000 61 76 54
0.176807 0.152554 0.911000 56 66 57
0.188734 0.154192 0.921000 62 58 47
0.188531 0.152007 0.908000 61 60 46
0.202377 0.153133 0.915000 64 65 51
-0.079615 0.151856 0.920000 82 92 81
-0.078365 0.154337 0.935000 65 73 65
-0.055065 0.153386 0.929000 59 70 63
-0.051852 0.151408 0.917000 53 73 55
-0.032392 0.154073 0.933000 93 89 75
0.028356 0.152094 0.921000 55 63 48
0.051471 0.153556 0.930000 75 75 57
0.093958 0.152486 0.924000 46 47 41
0.096579 0.152645 0.925000 42 46 39
0.109761 0.153438 0.930000 41 43 26
0.110843 0.151451 0.918000 56 76 60
0.127335 0.153223 0.929000 43 49 31
0.165368 0.153265 0.930000 77 71 54
0.166086 0.151608 0.920000 58 52 35
0.178563 0.151564 0.920000 53 65 56
0.190178 0.152846 0.928000 65 61 50
0.189370 0.150201 0.912000 62 61 47
0.208670 0.153440 0.932000 51 50 34
-0.130943 0.153616 0.947000 61 26 15
-0.079793 0.149681 0.922000 59 70 57
-0.078370 0.151796 0.935000 38 47 36
-0.052591 0.151027 0.930000 57 57 39
-0.036723 0.148446 0.914000 74 88 69
-0.034341 0.148936 0.917000 62 70 53
-0.032012 0.149750 0.922000 82 79 63
-0.029816 0.151376 0.932000 90 86 70
0.028635 0.151052 0.930000 66 68 51
0.030838 0.149426 0.920000 55 65 48
0.054069 0.151187 0.931000 60 64 47
0.090754 0.148844 0.917000 48 51 39
0.098997 0.149963 0.924000 54 54 44
0.112057 0.150580 0.928000 87 85 67
0.113595 0.149275 0.920000 69 80 61
0.163776 0.149281 0.921000 57 55 37
0.176651 0.149561 0.923000 34 43 31
0.190597 0.150650 0.930000 68 63 52
0.191040 0.149022 0.920000 64 61 45
0.191430 0.147393 0.910000 62 64 47
0.205544 0.148643 0.918000 59 53 36
0.211661 0.149435 0.923000 52 44 27
-0.130812 0.150883 0.946000 61 26 15
-0.093461 0.148903 0.933000 86 84 66
-0.089750 0.146994 0.921000 73 75 57
-0.075826 0.149259 0.935000 86 87 73
-0.029530 0.147405 0.923000 87 83 66
-0.027303 0.149004 0.933000 82 78 61
0.031176 0.148521 0.930000 67 69 51
0.033533 0.147721 0.925000 61 72 53
0.036018 0.147559 0.924000 71 85 66
0.038456 0.147237 0.922000 63 84 64
0.053957 0.148337 0.929000 60 71 56
0.081646 0.147970 0.927000 81 78 58
0.083990 0.147645 0.925000 54 47 27
0.088165 0.146198 0.916000 66 66 48
0.099003 0.147452 0.924000 84 87 73
0.114836 0.148370 0.930000 76 82 64
0.115979 0.146608 0.919000 57 68 49
0.128198 0.146254 0.917000 65 71 54
0.174534 0.147383 0.925000 85 96 77
0.192918 0.147957 0.929000 73 69 53
0.193963 0.146834 0.922000 58 58 40
0.195608 0.146188 0.918000 60 72 53
0.206226 0.144869 0.910000 66 74 57
0.214169 0.146920 0.923000 58 55 39
-0.130681 0.148156 0.945000 64 29 18
-0.090828 0.146216 0.932000 83 81 61
-0.087341 0.144652 0.922000 50 65 42
-0.075020 0.145148 0.925000 61 65 48
-0.073281 0.146722 0.935000 69 65 51
-0.048085 0.147702 0.941000 83 74 51
-0.044743 0.145194 0.925000 88 107 84
-0.029340 0.143953 0.917000 73 84 65
-0.027130 0.145524 0.927000 55 59 41
0.033861 0.146618 0.934000 69 71 53
0.036488 0.146930 0.936000 60 71 52
0.041064 0.145041 0.924000 71 90 70
0.054076 0.146124 0.931000 75 86 71
0.078526 0.144356 0.920000 53 51 33
0.099223 0.145254 0.926000 59 70 51
0.116491 0.144738 0.923000 25 29 11
0.130841 0.143912 0.918000 64 73 61
0.134790 0.145472 0.928000 64 61 47
0.174543 0.144871 0.925000 69 80 61
0.196496 0.146209 0.934000 65 63 45
0.199498 0.142895 0.913000 87 104 82
0.208927 0.142546 0.911000 78 83 69
0.213017 0.143633 0.918000 63 65 48
-0.130827 0.145742 0.946000 63 28 17
-0.088199 0.143533 0.931000 96 97 75
-0.072659 0.142946 0.927000 66 63 47
-0.048088 0.145143 0.941000 52 51 29
-0.044891 0.143141 0.928000 69 81 58
-0.029278 0.141150 0.915000 75 89 71
-0.027073 0.142694 0.925000 67 76 57
0.043777 0.143142 0.928000 73 84 67
0.046209 0.142831 0.926000 65 80 65
0.048736 0.142828 0.926000 67 83 65
0.051540 0.143596 0.931000 81 91 74
0.076189 0.142168 0.922000 89 89 71
0.077934 0.140775 0.913000 66 71 50
0.099872 0.143661 0.932000 62 68 50
0.116750 0.142538 0.925000 28 30 12
0.134361 0.142488 0.925000 29 30 16
0.164691 0.142546 0.926000 36 38 20
0.172042 0.142367 0.925000 68 79 58
0.199839 0.142424 0.926000 29 38 19
0.212794 0.140987 0.917000 47 57 42
-0.088489 0.141455 0.934000 50 51 29
-0.084471 0.139037 0.918000 78 90 67
-0.072272 0.139667 0.922000 64 72 55
-0.045378 0.142132 0.938000 36 36 16
-0.042270 0.140316 0.926000 87 96 75
-0.039528 0.139561 0.921000 69 92 72
-0.036894 0.139109 0.918000 60 88 68
-0.034388 0.139111 0.918000 60 82 64
-0.031812 0.138810 0.916000 63 83 65
-0.027192 0.140784 0.929000 69 79 62
0.046662 0.141676 0.935000 57 75 57
0.049161 0.141521 0.934000 66 82 63
0.076359 0.139963 0.924000 85 87 69
0.078024 0.138444 0.914000 63 74 53
0.085966 0.139186 0.919000 68 87 65
0.088855 0.139787 0.923000 84 103 81
0.091469 0.139933 0.924000 73 85 64
0.094190 0.140230 0.926000 74 85 66
0.097339 0.141133 0.932000 57 63 45
0.118500 0.139108 0.919000 83 92 80
0.134224 0.139822 0.924000 81 88 77
0.165766 0.140938 0.932000 56 54 36
0.167573 0.140325 0.928000 57 59 41
0.200280 0.140212 0.928000 19 23 5
0.208486 0.137298 0.909000 55 70 57
0.212571 0.138347 0.916000 54 64 49
0.245900 0.143241 0.949000 30 25 19
-0.138705 0.140725 0.947000 174 163 158
-0.084752 0.136987 0.921000 49 58 39
-0.073817 0.135370 0.910000 64 86 70
-0.072119 0.136862 0.920000 67 77 62
-0.042912 0.139880 0.940000 38 42 24
-0.037338 0.138248 0.929000 68 91 71
-0.034727 0.137953 0.927000 72 88 70
-0.032197 0.137955 0.927000 65 79 61
0.077024 0.138640 0.932000 86 88 70
0.078712 0.137148 0.922000 66 72 54
0.080873 0.136548 0.918000 55 76 54
0.083648 0.136989 0.921000 61 82 60
0.086813 0.138025 0.928000 68 84 65
0.119796 0.138096 0.929000 51 59 44
0.121139 0.136751 0.920000 81 92 77
0.130863 0.136426 0.918000 69 83 72
0.202365 0.137386 0.926000 50 49 33
0.204693 0.135589 0.914000 71 82 67
0.206487 0.135135 0.911000 70 81 66
0.209642 0.135571 0.914000 52 70 52
0.213972 0.136749 0.922000 61 77 59
0.245649 0.140517 0.948000 32 27 21
-0.139006 0.138442 0.949000 172 161 156
-0.130572 0.137735 0.944000 82 41 28
-0.081889 0.133902 0.917000 71 81 64
-0.072202 0.134505 0.921000 69 79 64
-0.070674 0.136408 0.934000 48 52 35
0.079741 0.136392 0.934000 69 67 49
0.081935 0.135803 0.930000 66 72 54
0.084470 0.135798 0.930000 69 75 57
0.122331 0.135563 0.929000 61 64 50
0.125877 0.133944 0.918000 63 84 71
0.128514 0.134083 0.919000 62 83 70
0.209216 0.134409 0.923000 44 52 37
0.211485 0.134254 0.922000 72 78 61
0.245399 0.137798 0.947000 30 25 19
-0.130717 0.135311 0.945000 87 48 35
-0.079394 0.131412 0.917000 74 84 69
-0.076642 0.130987 0.914000 64 79 64
-0.074393 0.131421 0.917000 100 120 104
-0.070829 0.134153 0.936000 70 66 50
0.127392 0.133023 0.929000 58 66 51
0.130199 0.133302 0.931000 68 76 61
0.132873 0.133439 0.932000 65 70 58
0.245667 0.135370 0.948000 33 28 22
-0.077737 0.130327 0.927000 79 79 61
-0.075371 0.130613 0.929000 64 80 61
-0.073308 0.131461 0.935000 80 84 67
0.245675 0.132797 0.948000 30 25 19
0.271579 0.132855 0.949000 132 84 78
0.271014 0.130005 0.947000 121 84 81
0.175364 0.125302 0.929000 89 84 73
0.177501 0.125025 0.927000 84 79 68
0.179821 0.124882 0.926000 76 71 60
0.270450 0.127165 0.945000 122 85 81
-0.088524 0.123665 0.934000 85 75 58
-0.085886 0.123537 0.933000 109 99 82
-0.083521 0.123807 0.935000 79 69 52
0.121968 0.122530 0.926000 36 32 21
0.124757 0.122788 0.928000 37 35 25
0.170991 0.121463 0.919000 75 71 60
0.172541 0.120794 0.914000 82 85 73
0.174828 0.120655 0.913000 82 87 75
0.177499 0.120779 0.914000 67 68 56
0.180568 0.121168 0.917000 79 78 64
0.184252 0.121952 0.923000 70 67 53
0.228618 0.124199 0.941000 60 65 62
0.270744 0.124731 0.946000 125 89 82
-0.082364 0.119575 0.922000 74 70 53
0.118293 0.118850 0.917000 62 60 49
0.119867 0.117936 0.910000 75 79 71
0.122612 0.118189 0.912000 37 43 36
0.130233 0.120639 0.931000 48 53 50
0.157219 0.119915 0.926000 90 86 75
0.159044 0.119390 0.922000 61 59 41
0.161372 0.119253 0.921000 86 82 65
0.164584 0.119763 0.925000 70 66 49
0.167095 0.119756 0.925000 84 71 56
0.168138 0.118713 0.917000 85 82 68
0.173113 0.117007 0.904000 78 87 75
0.175759 0.117129 0.905000 75 82 70
0.178804 0.117510 0.908000 78 83 71
0.182663 0.118408 0.915000 59 58 44
0.187167 0.119694 0.925000 57 54 40
0.217700 0.119857 0.927000 62 58 42
0.219258 0.119332 0.923000 53 53 45
0.220554 0.118678 0.918000 57 62 58
0.222795 0.118540 0.917000 16 23 22
0.226995 0.119437 0.924000 17 23 25
0.231978 0.120722 0.934000 51 57 59
0.245708 0.122499 0.948000 31 25 22
-0.107718 0.120066 0.946000 94 86 77
-0.090203 0.117431 0.925000 85 71 54
-0.086543 0.115912 0.913000 61 59 41
-0.079767 0.116941 0.921000 64 62 44
0.115803 0.116359 0.917000 61 60 44
0.124826 0.115447 0.910000 45 52 48
0.132914 0.118225 0.932000 54 61 60
0.152525 0.117664 0.928000 91 87 77
0.154850 0.115621 0.912000 60 65 51
0.156981 0.115360 0.910000 61 67 50
0.159452 0.115353 0.910000 77 81 63
0.162812 0.115980 0.915000 74 78 60
0.165477 0.116099 0.916000 63 69 51
0.181872 0.115413 0.911000 73 80 69
0.186770 0.116926 0.923000 73 74 62
0.214735 0.117093 0.925000 54 50 34
0.216653 0.115432 0.912000 62 67 56
0.218160 0.114918 0.908000 52 60 53
0.220616 0.114910 0.908000 15 22 18
0.224300 0.115535 0.913000 39 46 43
0.229005 0.116666 0.922000 53 60 59
0.234763 0.118303 0.935000 54 61 60
0.245975 0.120051 0.949000 31 25 22
-0.108065 0.117862 0.949000 84 79 73
-0.089915 0.114539 0.922000 87 82 62
-0.086358 0.113177 0.911000 84 84 66
-0.079425 0.113936 0.917000 57 66 47
-0.078182 0.115804 0.932000 90 90 70
0.031032 0.114988 0.925000 93 87 70
0.033523 0.114862 0.924000 86 80 64
0.039029 0.116225 0.935000 60 54 38
0.074761 0.116182 0.935000 53 50 44
0.078837 0.114683 0.923000 36 36 28
0.081355 0.114679 0.923000 24 26 16
0.083963 0.114799 0.924000 94 96 88
0.086389 0.114670 0.923000 30 32 22
0.088327 0.113920 0.917000 75 76 64
0.090629 0.113667 0.915000 86 85 71
0.093530 0.114159 0.919000 90 89 73
0.114918 0.115483 0.930000 50 48 30
0.115304 0.113366 0.913000 57 61 44
0.128287 0.113833 0.917000 32 40 33
0.132635 0.115440 0.930000 37 44 40
0.150010 0.115146 0.928000 66 62 51
0.182479 0.113308 0.914000 62 69 58
0.187587 0.114912 0.927000 54 56 46
0.212010 0.114463 0.924000 54 50 34
0.211957 0.113093 0.913000 46 44 26
0.226777 0.113047 0.913000 44 53 48
0.234017 0.115392 0.932000 42 49 45
0.261095 0.117303 0.948000 81 43 26
-0.089919 0.112028 0.922000 94 91 71
-0.086458 0.110817 0.912000 63 65 47
-0.079429 0.111438 0.917000 54 65 46
-0.078103 0.113143 0.931000 64 66 46
0.028477 0.112347 0.924000 68 62 45
0.030497 0.110522 0.909000 88 84 67
0.032908 0.110277 0.907000 74 72 54
0.035619 0.111004 0.913000 58 55 39
0.038614 0.112461 0.925000 84 81 65
0.041585 0.113675 0.935000 65 61 44
0.072214 0.113639 0.935000 32 29 22
0.075497 0.110957 0.913000 34 34 26
0.077646 0.110467 0.909000 15 20 8
0.080125 0.110463 0.909000 46 53 41
0.082786 0.110702 0.911000 13 22 10
0.085270 0.110698 0.911000 13 22 10
0.096040 0.111651 0.919000 99 97 79
0.114924 0.112950 0.930000 55 53 35
0.115562 0.111123 0.915000 47 52 38
0.128013 0.111094 0.915000 65 74 63
0.132499 0.112787 0.929000 65 73 65
0.148724 0.111649 0.920000 70 63 50
0.179614 0.110587 0.912000 60 71 64
0.184682 0.112156 0.925000 68 76 69
0.202447 0.112224 0.926000 75 73 55
0.204291 0.111853 0.923000 61 59 41
0.206790 0.111846 0.923000 84 84 66
0.209516 0.111959 0.924000 71 59 42
0.210182 0.110982 0.916000 43 41 23
0.226537 0.110445 0.912000 52 63 56
0.234527 0.113102 0.934000 44 53 48
0.270201 0.114215 0.944000 134 89 85
-0.086652 0.108570 0.914000 49 60 39
-0.079693 0.109295 0.920000 72 79 57
0.028232 0.108878 0.916000 65 51 34
0.038032 0.108276 0.911000 32 36 19
0.041098 0.109819 0.924000 40 39 23
0.071832 0.110497 0.930000 79 76 60
0.072930 0.108355 0.912000 58 57 43
0.095313 0.108316 0.912000 73 81 66
0.099193 0.109855 0.925000 89 92 78
0.116578 0.109581 0.923000 92 95 81
0.117542 0.108151 0.911000 65 76 61
0.131507 0.109427 0.922000 49 54 43
0.134887 0.110133 0.928000 46 47 41
0.148246 0.108790 0.917000 55 54 38
0.171822 0.107891 0.910000 78 99 89
0.174674 0.108121 0.912000 69 92 84
0.181985 0.109529 0.924000 74 81 77
0.198435 0.108885 0.919000 75 73 55
0.199831 0.108285 0.914000 66 70 52
0.201864 0.108041 0.912000 50 56 38
0.204781 0.108270 0.914000 71 82 63
0.228034 0.108677 0.918000 34 47 43
0.245221 0.111961 0.946000 30 24 21
0.269635 0.111415 0.942000 138 92 86
-0.087035 0.106544 0.918000 55 60 38
0.008318 0.107782 0.928000 82 77 57
0.010854 0.107781 0.928000 63 59 42
0.013418 0.108013 0.930000 78 76 58
0.028295 0.106613 0.918000 68 64 47
0.071835 0.107962 0.930000 85 77 60
0.072934 0.105869 0.912000 74 76 59
0.095422 0.105948 0.913000 61 80 67
0.099412 0.107567 0.927000 62 77 62
0.119096 0.107062 0.923000 92 98 80
0.130372 0.105989 0.914000 72 81 69
0.133730 0.106679 0.920000 23 31 23
0.137713 0.107832 0.930000 23 28 24
0.149222 0.106989 0.923000 90 92 75
0.161951 0.105443 0.910000 83 105 89
0.166047 0.106479 0.919000 88 108 90
0.170009 0.107398 0.927000 59 56 40
0.172152 0.107160 0.925000 85 76 63
0.174284 0.106921 0.923000 88 96 89
0.177171 0.107146 0.925000 99 106 102
0.196166 0.106509 0.920000 65 65 47
0.216208 0.105286 0.910000 76 98 80
0.219151 0.105510 0.912000 69 90 78
0.226296 0.106537 0.921000 21 34 30
0.232265 0.108149 0.935000 29 39 38
0.245747 0.109622 0.948000 46 43 39
0.260062 0.108069 0.935000 82 39 23
-0.084536 0.104046 0.918000 91 97 71
-0.077611 0.104852 0.925000 105 109 83
-0.075331 0.105196 0.928000 92 92 72
0.003250 0.105365 0.929000 66 60 43
0.010749 0.104230 0.919000 66 68 50
0.013289 0.104456 0.921000 89 91 73
0.018541 0.105702 0.932000 88 86 68
0.030435 0.102861 0.907000 69 80 65
0.040568 0.103420 0.912000 77 83 66
0.043862 0.105346 0.929000 47 46 30
0.075591 0.103607 0.914000 63 77 59
0.077828 0.103263 0.911000 69 85 66
0.080490 0.103485 0.913000 79 93 74
0.083434 0.104048 0.918000 90 102 83
0.086219 0.104384 0.921000 90 102 83
0.088441 0.104040 0.918000 88 99 82
0.090449 0.103469 0.913000 82 100 84
0.092938 0.103464 0.913000 78 97 84
0.099846 0.105495 0.931000 68 86 70
0.151572 0.104357 0.922000 55 54 38
0.154714 0.103099 0.911000 70 89 77
0.156843 0.102866 0.909000 68 89 77
0.159311 0.102859 0.909000 91 102 89
0.163203 0.103758 0.917000 88 98 83
0.167138 0.104656 0.925000 59 65 48
0.195365 0.104918 0.928000 55 53 35
0.211351 0.104077 0.921000 70 85 62
0.213844 0.104069 0.921000 65 77 56
0.217878 0.103603 0.917000 70 81 66
0.224298 0.104266 0.923000 39 48 43
0.230480 0.105954 0.938000 15 23 22
0.260347 0.105642 0.936000 83 37 20
-0.084908 0.101987 0.922000 62 66 38
-0.074685 0.101781 0.920000 81 88 66
-0.072802 0.102669 0.928000 82 76 59
-0.042535 0.103036 0.931000 43 41 23
-0.004409 0.103828 0.938000 79 75 65
0.000712 0.103053 0.931000 57 56 40
0.015807 0.101944 0.921000 75 79 61
0.018483 0.102829 0.929000 53 53 35
0.030906 0.101937 0.921000 85 86 72
0.032987 0.100607 0.909000 69 80 65
0.040615 0.101044 0.913000 74 84 67
0.046502 0.103032 0.931000 62 58 41
0.076835 0.102774 0.929000 66 72 54
0.079284 0.102660 0.928000 83 91 74
0.082080 0.102988 0.931000 84 95 76
0.084983 0.103427 0.935000 77 86 67
0.087814 0.103754 0.938000 89 95 77
0.091939 0.102640 0.928000 49 54 40
0.094368 0.102525 0.927000 80 83 71
0.097208 0.102852 0.930000 99 100 88
0.135948 0.101441 0.918000 40 48 41
0.160128 0.102490 0.928000 50 50 32
0.195582 0.102505 0.929000 43 41 23
0.195541 0.101174 0.917000 79 83 65
0.204579 0.100704 0.913000 105 119 100
0.209319 0.101800 0.923000 67 79 60
0.230979 0.103624 0.940000 29 36 35
0.260911 0.103319 0.938000 84 38 21
-0.085189 0.099797 0.925000 81 79 55
-0.081593 0.098506 0.913000 104 116 91
-0.072100 0.099168 0.919000 77 88 73
-0.042445 0.100281 0.929000 80 80 62
-0.006936 0.100730 0.933000 68 64 50
-0.004353 0.099974 0.926000 52 48 34
-0.001818 0.099758 0.924000 48 50 33
0.015876 0.099864 0.925000 76 86 69
0.018523 0.100511 0.931000 94 100 83
0.033461 0.099531 0.922000 68 66 48
0.043016 0.098337 0.911000 64 75 54
0.135806 0.098833 0.917000 48 56 49
0.198032 0.098672 0.917000 65 75 58
0.199860 0.098342 0.914000 72 83 66
0.202335 0.098336 0.914000 79 89 74
0.210233 0.099720 0.927000 53 59 42
0.260639 0.100664 0.937000 84 41 23
-0.134941 0.098550 0.938000 137 93 85
-0.107759 0.099449 0.946000 74 69 63
-0.085377 0.097486 0.927000 50 52 32
-0.069746 0.096876 0.921000 82 95 82
-0.067962 0.097931 0.931000 101 108 96
-0.040081 0.098170 0.933000 66 61 41
-0.009496 0.098289 0.934000 60 52 35
-0.006869 0.097237 0.924000 63 61 43
0.013363 0.097446 0.926000 73 95 77
0.136552 0.096860 0.922000 71 76 64
0.205220 0.097213 0.927000 75 81 64
0.208178 0.097416 0.929000 67 69 52
-0.134659 0.095790 0.936000 139 97 89
-0.129704 0.095903 0.937000 135 94 80
-0.128782 0.097137 0.949000 65 28 14
-0.108106 0.097177 0.949000 40 36 26
-0.086118 0.095777 0.935000 25 25 7
-0.082405 0.094449 0.922000 32 43 24
-0.079196 0.093634 0.914000 82 100 82
-0.069674 0.094262 0.920000 77 90 77
-0.067893 0.095290 0.930000 53 58 44
-0.050278 0.095616 0.933000 58 66 41
-0.037534 0.095626 0.933000 45 39 22
-0.009446 0.095228 0.929000 76 65 50
0.010845 0.095023 0.927000 84 98 79
0.045110 0.092545 0.903000 78 89 74
0.131541 0.094360 0.922000 86 91 79
0.134340 0.094559 0.924000 86 89 77
0.260374 0.095470 0.936000 85 41 25
-0.134809 0.093339 0.937000 143 100 94
-0.128787 0.094551 0.949000 68 31 18
-0.108110 0.094590 0.949000 109 104 94
-0.083481 0.093132 0.934000 43 49 31
-0.080153 0.092238 0.925000 81 92 73
-0.077042 0.091543 0.918000 77 93 75
-0.074293 0.091247 0.915000 79 99 81
-0.071953 0.091450 0.917000 80 98 80
-0.067896 0.092753 0.930000 90 96 79
-0.047834 0.093272 0.935000 75 82 60
-0.042086 0.091880 0.921000 81 108 84
-0.039612 0.091982 0.922000 78 103 79
-0.009436 0.092594 0.928000 70 72 55
0.003233 0.092195 0.924000 75 98 78
0.005790 0.092694 0.929000 85 99 80
0.038462 0.091883 0.921000 43 49 31
0.040489 0.090783 0.910000 68 88 70
0.042739 0.090283 0.905000 86 101 88
0.048474 0.091775 0.920000 80 89 77
0.230515 0.093203 0.938000 34 37 33
0.267964 0.092908 0.936000 139 89 80
-0.128793 0.091964 0.949000 69 30 16
-0.075189 0.089818 0.926000 72 94 76
-0.072819 0.090016 0.928000 69 93 74
-0.042316 0.089852 0.926000 72 96 72
-0.037578 0.090632 0.934000 72 95 73
-0.006878 0.089770 0.925000 62 72 55
-0.004335 0.089480 0.922000 76 90 72
-0.001815 0.089480 0.922000 70 86 68
0.000709 0.089868 0.926000 71 91 73
0.003258 0.090353 0.931000 83 93 76
0.041069 0.089562 0.923000 44 46 28
0.046013 0.089364 0.921000 82 90 75
0.246055 0.091683 0.949000 25 19 17
0.267684 0.090268 0.935000 138 88 79
-0.128391 0.089095 0.946000 70 29 15
-0.108005 0.089320 0.948000 83 78 71
-0.042547 0.087797 0.931000 79 84 63
-0.037660 0.088272 0.936000 81 86 64
-0.006952 0.088189 0.935000 56 62 45
-0.004392 0.088095 0.934000 79 89 72
-0.001838 0.088095 0.934000 81 92 75
0.220699 0.085290 0.908000 52 55 51
0.222664 0.085096 0.906000 9 16 15
0.226356 0.085559 0.911000 37 44 43
0.245802 0.089009 0.948000 23 17 14
0.267403 0.087633 0.934000 140 92 85
-0.128124 0.086333 0.944000 68 27 13
-0.107896 0.086644 0.947000 72 67 60
0.215215 0.083568 0.916000 70 67 51
0.216086 0.082005 0.899000 66 74 67
0.218032 0.081817 0.897000 74 85 78
0.228575 0.082984 0.910000 53 60 56
0.235859 0.084711 0.929000 57 62 58
0.245549 0.086340 0.947000 26 21 15
0.267695 0.085187 0.935000 141 91 84
-0.128265 0.083848 0.945000 70 29 15
0.212974 0.081170 0.917000 100 94 78
0.227325 0.080067 0.905000 56 67 60
0.235357 0.082008 0.927000 56 64 57
0.267701 0.082646 0.935000 142 90 81
-0.134834 0.080569 0.937000 132 98 91
-0.128405 0.081357 0.946000 68 29 15
0.210890 0.077903 0.908000 100 104 87
0.227330 0.077606 0.905000 65 81 73
0.235617 0.079572 0.928000 40 49 42
0.267993 0.080190 0.936000 143 92 80
-0.135126 0.078181 0.939000 138 102 95
-0.128409 0.078777 0.946000 68 29 15
0.210431 0.075266 0.906000 44 53 34
0.224143 0.074900 0.902000 82 100 92
-0.127871 0.075875 0.942000 71 30 16
0.206441 0.074022 0.921000 72 70 52
0.221218 0.072291 0.900000 81 99 91
0.266572 0.074701 0.931000 145 92 79
-0.127875 0.073305 0.942000 68 27 13
-0.080785 0.072591 0.932000 83 77 60
-0.074642 0.071584 0.919000 68 64 47
-0.072290 0.071742 0.921000 92 88 71
0.018453 0.072245 0.927000 90 80 63
0.020874 0.071855 0.922000 93 85 68
0.023369 0.071776 0.921000 81 73 56
0.025943 0.071931 0.923000 94 88 71
0.119422 0.071992 0.925000 58 55 39
0.121677 0.071833 0.923000 82 80 62
0.124325 0.071907 0.924000 69 67 49
0.204173 0.071597 0.922000 97 96 80
0.203980 0.070660 0.910000 80 82 65
0.207071 0.070029 0.902000 67 82 59
0.214395 0.070013 0.902000 92 113 93
0.231858 0.072398 0.933000 12 21 16
-0.080528 0.069821 0.929000 88 84 68
-0.073832 0.068323 0.909000 77 77 59
-0.071507 0.068476 0.911000 41 41 23
-0.069853 0.069305 0.922000 45 43 25
0.015919 0.069713 0.927000 79 73 56
0.030890 0.069182 0.920000 91 89 71
0.118005 0.068643 0.914000 43 45 27
0.120363 0.068564 0.913000 81 83 65
0.122983 0.068635 0.914000 90 88 70
0.126295 0.069082 0.920000 77 75 57
0.128940 0.069153 0.921000 90 78 61
0.139417 0.069361 0.924000 76 72 62
0.142698 0.069732 0.929000 97 93 82
0.201743 0.068263 0.911000 58 59 45
0.215826 0.068008 0.908000 92 111 89
0.229340 0.069865 0.933000 26 37 30
0.235094 0.070833 0.946000 12 21 14
-0.107581 0.068340 0.944000 100 87 72
-0.080097 0.066922 0.924000 118 114 98
-0.076316 0.065838 0.909000 85 87 70
-0.069325 0.066280 0.915000 47 51 33
-0.014531 0.067326 0.929000 76 68 51
-0.009369 0.066747 0.921000 66 60 43
-0.006858 0.066820 0.922000 90 80 63
-0.004355 0.067110 0.926000 85 75 58
-0.001829 0.067328 0.929000 71 64 44
0.000712 0.067400 0.930000 86 76 57
0.015833 0.066819 0.922000 115 111 94
0.018076 0.065803 0.908000 57 54 38
0.033479 0.066813 0.922000 78 78 60
0.036195 0.067174 0.927000 61 57 40
0.038728 0.067173 0.927000 61 55 38
0.041218 0.067099 0.926000 84 76 59
0.083395 0.066411 0.917000 53 51 33
0.085710 0.066263 0.915000 90 88 70
0.088303 0.066333 0.916000 57 55 37
0.116025 0.066442 0.918000 76 80 63
0.130451 0.066130 0.914000 90 92 75
0.132648 0.065981 0.912000 101 104 90
0.135277 0.066050 0.913000 72 75 63
0.138063 0.066190 0.915000 62 60 49
0.141627 0.066692 0.922000 72 69 55
0.145228 0.067195 0.929000 53 49 33
0.201083 0.065566 0.908000 77 78 66
0.213139 0.065469 0.907000 91 109 93
0.227064 0.067403 0.934000 49 56 53
0.235347 0.068331 0.947000 14 21 17
-0.107584 0.065764 0.944000 99 86 71
-0.080187 0.064469 0.925000 176 170 154
-0.076318 0.063356 0.909000 164 168 150
-0.069100 0.063572 0.912000 45 54 35
-0.067559 0.064481 0.925000 99 101 83
-0.017090 0.064857 0.930000 66 59 39
-0.011746 0.063463 0.910000 75 73 53
-0.009237 0.063324 0.908000 83 85 65
-0.006769 0.063464 0.910000 81 83 63
-0.004299 0.063743 0.914000 86 88 68
-0.001806 0.063953 0.917000 87 84 64
0.000701 0.063883 0.916000 73 73 53
0.005718 0.063952 0.917000 67 60 40
0.008288 0.064440 0.924000 96 86 67
0.015834 0.064300 0.922000 109 107 89
0.018076 0.063323 0.908000 49 60 43
0.033226 0.063806 0.915000 86 97 78
0.035805 0.063944 0.917000 52 52 34
0.038187 0.063734 0.914000 39 37 19
0.040596 0.063593 0.912000 44 42 24
0.043230 0.063801 0.915000 66 64 46
0.048917 0.064704 0.928000 61 51 34
0.071036 0.064059 0.919000 63 57 40
0.073625 0.064126 0.920000 87 81 64
0.076220 0.064194 0.921000 73 69 52
0.078648 0.064122 0.920000 73 71 53
0.080542 0.063631 0.913000 41 43 25
0.116155 0.064007 0.919000 81 97 88
0.144920 0.064522 0.927000 61 60 44
0.202195 0.063441 0.913000 56 61 50
0.210224 0.062866 0.905000 87 104 91
0.214554 0.063417 0.913000 86 101 88
0.219639 0.064176 0.924000 52 64 53
0.274019 0.065752 0.948000 130 81 69
-0.076741 0.061209 0.914000 59 61 41
-0.069178 0.061148 0.913000 52 69 46
-0.067562 0.061954 0.925000 56 63 41
-0.016999 0.061981 0.925000 84 82 62
-0.014188 0.060775 0.907000 64 64 44
0.003171 0.060710 0.906000 76 83 62
0.005649 0.060710 0.906000 79 84 63
0.008217 0.061379 0.916000 105 103 83
0.010827 0.061982 0.925000 106 104 84
0.015920 0.062115 0.927000 67 61 44
0.018216 0.061311 0.915000 68 74 57
0.051343 0.062033 0.926000 72 58 41
0.063578 0.061622 0.920000 109 103 87
0.065660 0.061218 0.914000 90 87 73
0.068007 0.061082 0.912000 66 65 49
0.096014 0.061457 0.918000 81 85 67
0.117169 0.062034 0.927000 131 142 155
0.118662 0.061495 0.919000 63 81 72
0.122860 0.061087 0.913000 68 89 69
0.144924 0.061993 0.927000 73 73 55
0.204193 0.061555 0.922000 23 28 14
0.204224 0.060816 0.911000 74 85 66
0.205783 0.060545 0.907000 73 88 73
0.208698 0.060674 0.909000 81 94 79
0.212784 0.061137 0.916000 88 97 85
0.216908 0.061599 0.923000 61 68 56
-0.081059 0.060059 0.935000 81 74 54
-0.076995 0.058905 0.917000 97 100 78
-0.069105 0.058590 0.912000 68 87 64
-0.067417 0.059299 0.923000 102 109 87
-0.017036 0.059582 0.927000 72 65 45
-0.011695 0.058233 0.906000 53 75 51
0.008190 0.058683 0.913000 85 96 77
0.010815 0.059390 0.924000 103 101 83
0.018436 0.059517 0.926000 78 76 58
0.020742 0.058874 0.916000 70 74 57
0.051179 0.059311 0.923000 98 85 70
0.061067 0.059111 0.920000 94 90 74
0.062820 0.058402 0.909000 83 80 66
0.095807 0.058822 0.916000 83 94 75
0.119827 0.059565 0.928000 94 98 90
0.121695 0.059241 0.923000 73 86 73
0.124074 0.059173 0.922000 74 88 69
0.126859 0.059298 0.924000 85 97 78
0.131319 0.059034 0.920000 84 94 77
0.133532 0.058902 0.918000 85 95 80
0.136030 0.058899 0.918000 87 95 80
0.142100 0.059340 0.925000 51 51 33
0.164525 0.058339 0.910000 74 72 54
0.166996 0.058335 0.910000 67 63 46
0.173636 0.058904 0.919000 89 73 57
0.176130 0.058900 0.919000 96 92 76
0.177846 0.058639 0.915000 80 76 60
0.180131 0.058571 0.914000 76 74 56
0.183009 0.058695 0.916000 79 77 59
0.207143 0.059168 0.924000 35 41 23
0.208964 0.058972 0.921000 83 93 76
0.211916 0.059095 0.923000 71 81 64
-0.127898 0.057884 0.942000 80 34 20
-0.107821 0.058155 0.946000 101 92 81
-0.081321 0.057690 0.938000 65 60 39
-0.077249 0.056585 0.920000 107 111 85
-0.068879 0.055915 0.909000 97 121 97
-0.067200 0.056593 0.920000 72 84 63
-0.014486 0.056987 0.926000 91 88 68
-0.009258 0.056003 0.910000 53 72 49
-0.006784 0.056127 0.912000 68 92 68
-0.004281 0.056004 0.910000 80 104 80
-0.001792 0.056004 0.910000 78 102 78
0.010828 0.056926 0.925000 97 103 85
0.020946 0.056925 0.925000 41 39 21
0.023298 0.056493 0.918000 68 70 52
0.025724 0.056308 0.915000 71 82 63
0.028287 0.056430 0.917000 74 85 64
0.030795 0.056429 0.917000 76 93 70
0.051069 0.056666 0.921000 65 61 47
0.060870 0.056413 0.917000 75 74 58
0.062683 0.055796 0.907000 48 61 46
0.096437 0.056689 0.922000 81 90 78
0.135426 0.057196 0.931000 94 98 81
0.160113 0.056050 0.913000 57 53 36
0.168539 0.055544 0.905000 72 74 54
0.171373 0.055663 0.907000 93 85 68
0.173451 0.055536 0.905000 87 85 67
0.177770 0.055344 0.902000 84 86 68
-0.107596 0.055455 0.944000 121 109 99
-0.077251 0.054072 0.920000 64 68 42
-0.009411 0.054398 0.925000 89 87 67
-0.006881 0.054399 0.925000 85 87 67
-0.004342 0.054281 0.923000 44 53 32
0.000699 0.053693 0.913000 79 102 82
0.003193 0.053634 0.912000 76 99 79
0.008325 0.054575 0.928000 87 97 80
0.028689 0.054688 0.930000 68 75 54
0.031232 0.054687 0.930000 39 51 28
0.033484 0.054216 0.922000 71 83 62
0.048237 0.053798 0.915000 72 89 76
0.051348 0.054443 0.926000 80 85 71
0.063238 0.053788 0.915000 78 82 65
0.065522 0.053610 0.912000 67 82 67
0.068013 0.053608 0.912000 66 81 66
0.070658 0.053724 0.914000 66 88 70
0.073394 0.053898 0.917000 69 91 73
0.076394 0.054249 0.923000 62 85 65
0.079085 0.054364 0.925000 35 47 28
0.081345 0.054186 0.922000 84 100 82
0.083407 0.053890 0.917000 80 95 82
0.085816 0.053829 0.916000 75 90 77
0.088316 0.053827 0.916000 83 95 84
0.091013 0.053942 0.918000 75 94 82
0.093925 0.054174 0.922000 87 94 83
0.159590 0.053385 0.910000 71 71 53
0.187369 0.053519 0.913000 79 79 61
0.248432 0.055483 0.948000 32 20 11
-0.107827 0.052989 0.946000 65 51 41
-0.066474 0.051006 0.910000 72 98 78
-0.064972 0.051792 0.924000 80 92 73
0.000710 0.051983 0.927000 66 75 56
0.003238 0.051870 0.925000 91 101 84
0.005799 0.052151 0.930000 43 51 34
0.033739 0.052089 0.929000 60 58 40
0.036006 0.051695 0.922000 83 95 76
0.038276 0.051358 0.916000 72 95 75
0.040646 0.051189 0.913000 67 92 76
0.043189 0.051243 0.914000 70 93 77
0.045838 0.051410 0.917000 71 93 77
0.051516 0.052081 0.929000 88 99 82
0.069133 0.051957 0.927000 78 89 70
0.071742 0.052012 0.928000 66 74 57
0.074356 0.052066 0.929000 70 74 57
0.160821 0.051295 0.917000 80 82 64
0.168360 0.050553 0.904000 77 101 75
0.170814 0.050550 0.904000 77 101 77
0.187784 0.051143 0.915000 86 96 79
0.248174 0.052848 0.947000 30 18 9
-0.127636 0.050064 0.940000 92 51 37
-0.074743 0.049047 0.920000 34 43 24
-0.071367 0.048462 0.909000 62 76 58
-0.068733 0.048357 0.907000 62 85 65
-0.066694 0.048679 0.913000 72 96 76
-0.065185 0.049427 0.927000 86 97 78
0.041226 0.049386 0.926000 79 90 71
0.043758 0.049385 0.926000 83 93 76
0.046439 0.049544 0.929000 79 87 70
0.163316 0.048790 0.917000 77 77 59
0.164721 0.048468 0.911000 64 80 61
0.167011 0.048411 0.910000 71 94 72
0.170412 0.048674 0.915000 79 98 75
0.172896 0.048670 0.915000 74 86 65
0.175529 0.048025 0.903000 79 105 85
0.177978 0.048022 0.903000 73 95 77
0.180827 0.048124 0.905000 74 96 80
0.248440 0.050324 0.948000 32 20 11
-0.127503 0.047448 0.939000 70 29 15
-0.072390 0.046636 0.922000 72 72 54
0.167256 0.046690 0.925000 74 76 59
0.172278 0.046684 0.925000 60 58 40
0.175167 0.046781 0.927000 73 77 59
0.176916 0.046576 0.923000 83 86 72
0.178059 0.046219 0.916000 93 103 88
0.180347 0.046166 0.915000 77 87 78
0.244585 0.047496 0.943000 35 27 20
-0.107609 0.042565 0.944000 87 74 61
0.271740 0.042194 0.940000 135 82 69
-0.107269 0.039859 0.941000 108 94 84
0.136647 0.039026 0.922000 91 88 72
0.138854 0.038939 0.920000 74 73 59
0.141510 0.038979 0.921000 83 82 68
0.144484 0.039104 0.924000 72 69 55
0.131488 0.036474 0.921000 94 82 65
0.143392 0.036305 0.917000 64 61 45
0.207635 0.036158 0.915000 80 73 52
0.209882 0.036115 0.914000 53 48 28
0.213750 0.036350 0.920000 76 72 55
0.230867 0.037086 0.939000 38 42 44
0.036246 0.034272 0.928000 67 59 42
0.038491 0.034013 0.921000 70 62 45
0.041009 0.034012 0.921000 74 64 47
0.076242 0.033998 0.921000 67 54 39
0.078159 0.033738 0.914000 74 66 50
0.080654 0.033737 0.914000 75 69 53
0.129263 0.034036 0.923000 56 56 36
0.143238 0.033765 0.916000 87 79 63
0.181347 0.033877 0.920000 94 91 77
0.183243 0.033764 0.917000 72 69 55
0.185932 0.033798 0.918000 108 104 93
0.189037 0.033906 0.921000 114 110 99
0.205833 0.033778 0.918000 65 58 38
0.211197 0.033439 0.909000 45 43 25
0.215773 0.033767 0.918000 76 75 59
-0.127381 0.032031 0.938000 70 29 15
0.033782 0.031804 0.930000 76 68 51
0.037948 0.031050 0.908000 85 85 67
0.040386 0.031015 0.907000 74 74 56
0.043102 0.031185 0.912000 73 71 53
0.073648 0.031447 0.920000 71 63 47
0.077048 0.030796 0.901000 73 70 54
0.079685 0.030863 0.903000 62 61 47
0.122120 0.031624 0.926000 83 80 60
0.124372 0.031553 0.924000 59 58 36
0.126339 0.031415 0.920000 64 65 43
0.128424 0.031311 0.917000 82 89 68
0.140441 0.031199 0.914000 72 92 76
0.144022 0.031435 0.921000 81 77 61
0.176910 0.031030 0.910000 85 89 71
0.178393 0.030857 0.905000 76 82 64
0.180648 0.030821 0.904000 88 96 81
0.183302 0.030852 0.905000 95 100 86
0.186782 0.031020 0.910000 63 67 50
0.190912 0.031291 0.918000 54 50 34
0.205835 0.031277 0.918000 71 64 44
0.213895 0.030994 0.910000 58 66 51
0.217546 0.031162 0.915000 59 68 57
0.219781 0.031126 0.914000 32 40 33
0.224480 0.031087 0.913000 30 37 34
-0.127111 0.029406 0.936000 90 50 33
-0.052019 0.028878 0.918000 111 100 79
-0.049456 0.028847 0.917000 111 109 85
-0.047103 0.028942 0.920000 76 73 52
-0.037283 0.029134 0.926000 77 74 60
-0.034713 0.029103 0.925000 62 59 45
-0.032219 0.029135 0.926000 100 97 83
0.033637 0.029134 0.926000 64 56 39
0.035505 0.028599 0.909000 60 58 40
0.045596 0.028691 0.912000 76 70 53
0.073249 0.028775 0.915000 49 46 32
0.074506 0.028303 0.900000 87 90 78
0.091032 0.028861 0.918000 82 82 64
0.093843 0.028954 0.921000 98 96 78
0.096355 0.028953 0.921000 102 100 82
0.099190 0.029046 0.924000 106 103 89
0.125517 0.028714 0.914000 88 99 78
0.132691 0.028646 0.912000 83 102 82
0.135025 0.028613 0.911000 81 95 76
0.138108 0.028737 0.915000 83 91 74
0.141672 0.028955 0.922000 62 64 47
0.166551 0.028904 0.921000 60 53 33
0.168501 0.028807 0.918000 56 51 31
0.171180 0.028837 0.919000 56 54 34
0.172918 0.028709 0.915000 92 92 72
0.174059 0.028487 0.908000 100 102 84
0.184937 0.028257 0.901000 64 68 51
0.189459 0.028569 0.911000 76 72 55
0.194878 0.029006 0.925000 63 59 42
0.207183 0.028963 0.924000 63 56 36
0.207642 0.028679 0.915000 61 60 36
-0.136630 0.027218 0.949000 173 164 159
-0.127384 0.026908 0.938000 89 48 34
-0.054173 0.026195 0.912000 75 68 47
-0.051397 0.026052 0.907000 75 76 54
-0.048864 0.026024 0.906000 68 71 47
-0.046489 0.026082 0.908000 66 69 47
-0.042073 0.026428 0.920000 64 61 41
-0.039601 0.026457 0.921000 75 73 55
-0.034114 0.026113 0.909000 53 50 34
-0.031662 0.026142 0.910000 56 53 39
-0.029398 0.026344 0.917000 107 103 87
0.033637 0.026602 0.926000 83 75 58
0.035545 0.026142 0.910000 74 76 59
0.051526 0.026684 0.929000 89 79 60
0.073330 0.026303 0.916000 168 165 151
0.087082 0.025923 0.903000 64 75 56
0.089942 0.026037 0.907000 70 76 58
0.092519 0.026064 0.908000 88 94 76
0.094892 0.026034 0.907000 83 87 70
0.097581 0.026090 0.909000 90 91 77
0.104005 0.026461 0.922000 91 77 67
0.133566 0.026328 0.918000 77 98 78
0.136212 0.026355 0.919000 76 87 68
0.139317 0.026468 0.923000 85 84 68
0.164021 0.025990 0.907000 77 75 57
0.165750 0.025874 0.903000 77 81 63
0.168574 0.025929 0.905000 69 76 55
0.170652 0.025870 0.903000 40 52 31
0.184528 0.025744 0.899000 85 96 79
0.189253 0.026057 0.910000 76 82 64
0.194880 0.026484 0.925000 47 45 27
0.210141 0.026501 0.926000 90 87 67
0.211901 0.026096 0.912000 86 94 68
0.213664 0.026008 0.909000 71 85 58
0.270599 0.026740 0.936000 139 88 75
-0.136631 0.024627 0.949000 170 165 159
-0.127114 0.024294 0.936000 92 48 34
-0.126295 0.024633 0.949000 68 29 15
-0.056604 0.023674 0.911000 42 40 22
-0.041525 0.023600 0.908000 70 87 64
-0.039128 0.023652 0.910000 87 104 81
-0.029078 0.023576 0.907000 70 92 74
-0.026920 0.023862 0.918000 63 69 52
0.051360 0.024065 0.926000 92 87 66
0.073972 0.024006 0.924000 160 159 143
0.075419 0.023668 0.911000 78 86 71
0.106636 0.023966 0.923000 99 93 77
0.120542 0.023725 0.914000 66 72 55
0.161560 0.023517 0.907000 65 63 45
0.182092 0.023294 0.899000 77 102 88
0.190711 0.023757 0.917000 69 73 55
0.216601 0.023582 0.911000 85 107 81
0.227950 0.023730 0.917000 64 72 64
0.244091 0.024343 0.941000 102 92 85
0.247944 0.024471 0.946000 35 21 12
0.262739 0.024174 0.935000 102 51 30
0.270601 0.024194 0.936000 144 88 75
-0.126296 0.022041 0.949000 69 28 14
-0.056605 0.021183 0.911000 61 71 54
-0.029046 0.021072 0.906000 64 90 71
-0.026891 0.021328 0.917000 65 87 69
0.042916 0.021116 0.908000 81 99 73
0.051028 0.021394 0.920000 96 118 92
0.076331 0.021433 0.922000 168 174 157
0.077908 0.021176 0.911000 80 91 76
0.079689 0.020990 0.903000 73 89 71
0.082063 0.020966 0.902000 68 91 71
0.102203 0.021051 0.906000 96 102 85
0.106175 0.021352 0.919000 72 66 49
0.161027 0.021299 0.918000 101 95 78
0.175362 0.020917 0.902000 96 120 100
0.178006 0.020939 0.903000 85 109 90
0.180855 0.020984 0.905000 82 103 90
0.188226 0.021259 0.917000 78 80 63
0.220751 0.021261 0.918000 82 99 77
0.222991 0.021236 0.917000 79 101 83
0.225717 0.021258 0.918000 83 96 81
0.243833 0.021759 0.940000 109 99 92
0.247422 0.021850 0.944000 36 22 13
0.269446 0.021556 0.932000 145 86 74
-0.136634 0.019444 0.949000 173 167 161
-0.126032 0.019408 0.947000 71 32 18
-0.090122 0.018929 0.923000 76 68 51
-0.087223 0.018847 0.919000 95 91 74
-0.084715 0.018848 0.919000 90 87 73
-0.082474 0.018911 0.922000 69 65 54
-0.034040 0.018614 0.907000 94 116 98
-0.031629 0.018655 0.909000 85 107 91
-0.029335 0.018778 0.915000 84 104 86
-0.027067 0.018943 0.923000 75 94 74
0.051029 0.018878 0.920000 78 98 72
0.079020 0.018953 0.924000 60 59 43
0.083065 0.018726 0.913000 82 98 79
0.085370 0.018684 0.911000 83 102 80
0.087277 0.018560 0.905000 105 129 109
0.102542 0.018636 0.909000 77 98 85
0.106407 0.018882 0.921000 81 85 68
0.161379 0.018835 0.920000 58 50 33
0.162760 0.018423 0.900000 83 105 89
0.171224 0.018542 0.906000 84 106 88
0.175025 0.018684 0.913000 59 77 59
0.178085 0.018744 0.916000 81 95 76
0.180767 0.018763 0.917000 100 111 92
0.183854 0.018823 0.920000 79 87 70
0.247423 0.019280 0.944000 31 16 10
0.268869 0.018980 0.930000 144 85 73
-0.136635 0.016852 0.949000 172 166 159
-0.092842 0.016441 0.925000 91 77 60
-0.077608 0.016427 0.924000 46 43 29
-0.075328 0.016481 0.927000 70 64 48
-0.073032 0.016535 0.930000 107 97 80
-0.049136 0.016202 0.911000 68 91 71
-0.046696 0.016220 0.912000 67 90 68
-0.044445 0.016309 0.917000 76 100 76
-0.042075 0.016363 0.920000 84 106 82
-0.039388 0.016292 0.916000 97 121 97
-0.036762 0.016239 0.913000 87 112 89
-0.034303 0.016257 0.914000 82 105 85
-0.029656 0.016454 0.925000 79 97 79
0.046149 0.016416 0.923000 92 97 75
0.048673 0.016415 0.923000 102 107 85
0.051307 0.016450 0.925000 77 87 64
0.087057 0.016513 0.929000 71 80 61
0.089748 0.016085 0.905000 93 117 97
0.099954 0.016136 0.908000 81 102 90
0.103558 0.016312 0.918000 72 91 78
0.163523 0.016288 0.918000 51 53 36
0.164570 0.016145 0.910000 85 91 74
0.166674 0.016108 0.908000 86 96 79
0.169325 0.016125 0.909000 78 88 71
0.172926 0.016230 0.915000 81 85 68
0.247425 0.016710 0.944000 30 15 10
0.268292 0.016415 0.928000 144 85 73
-0.136636 0.014261 0.949000 173 168 161
-0.092642 0.013882 0.923000 101 87 70
-0.074435 0.013781 0.916000 99 106 85
-0.072169 0.013827 0.919000 99 101 81
-0.070037 0.013902 0.924000 94 92 74
-0.068025 0.014008 0.931000 108 106 88
-0.055423 0.014041 0.933000 94 80 63
-0.049891 0.013921 0.925000 74 64 47
-0.047311 0.013906 0.924000 67 65 47
-0.042624 0.014027 0.932000 69 75 57
-0.039990 0.013997 0.930000 27 33 15
-0.037245 0.013922 0.925000 73 75 55
-0.034791 0.013953 0.927000 104 106 86
0.089401 0.013943 0.927000 51 47 31
0.091236 0.013837 0.920000 45 51 34
0.093441 0.013792 0.917000 104 112 95
0.095838 0.013776 0.916000 94 104 89
0.098444 0.013790 0.917000 88 96 81
0.101386 0.013850 0.921000 100 101 87
0.247688 0.014155 0.945000 31 16 10
-0.107626 0.011615 0.944000 38 27 14
-0.089929 0.011335 0.921000 82 80 60
-0.067514 0.011376 0.924000 94 96 78
-0.065552 0.011475 0.932000 98 96 78
0.247427 0.011571 0.944000 32 17 11
-0.107740 0.009045 0.945000 88 78 69
-0.087510 0.008828 0.922000 83 83 65
-0.084625 0.008790 0.918000 82 99 77
-0.082119 0.008790 0.918000 92 111 88
-0.079699 0.008800 0.919000 71 86 63
0.247690 0.009010 0.945000 31 19 10
0.268584 0.008851 0.929000 143 85 69
0.276928 0.009041 0.949000 136 83 70
-0.107969 0.006476 0.947000 66 56 47
-0.080827 0.006376 0.932000 56 65 46
-0.077610 0.006322 0.924000 35 46 27
-0.071777 0.006254 0.914000 97 118 98
-0.069356 0.006261 0.915000 99 115 96
-0.067368 0.006309 0.922000 95 118 98
0.268006 0.006310 0.927000 134 79 66
0.276053 0.006439 0.946000 136 81 68
-0.125769 0.003878 0.945000 74 33 19
-0.107513 0.003872 0.943000 69 59 50
-0.078198 0.003824 0.931000 48 48 40
-0.075249 0.003804 0.926000 109 113 106
-0.072406 0.003788 0.922000 99 107 99
-0.069963 0.003792 0.923000 86 96 81
0.247429 0.003861 0.944000 29 19 12
0.263786 0.003764 0.921000 139 85 68
0.276053 0.003866 0.946000 135 78 67
-0.125503 0.001294 0.943000 76 35 21
-0.107513 0.001295 0.943000 45 35 26
0.247167 0.001290 0.943000 29 19 12
-0.125503 -0.001282 0.943000 80 39 26
-0.107513 -0.001282 0.943000 125 116 105
0.163883 -0.001249 0.920000 86 73 58
0.165839 -0.001245 0.917000 77 66 51
0.168513 -0.001246 0.918000 66 60 44
0.247691 -0.001280 0.945000 30 19 14
-0.125503 -0.003858 0.943000 82 41 27
-0.107855 -0.003872 0.946000 53 41 31
0.124115 -0.003772 0.922000 63 65 48
0.126488 -0.003767 0.921000 108 107 93
0.162458 -0.003727 0.912000 72 68 52
0.163669 -0.003698 0.905000 66 65 49
0.166126 -0.003698 0.905000 76 80 63
0.176947 -0.003771 0.923000 106 102 92
0.227937 -0.003781 0.927000 42 42 40
0.247429 -0.003849 0.944000 29 18 13
-0.125503 -0.006434 0.943000 77 36 22
-0.107741 -0.006450 0.945000 31 19 10
-0.057663 -0.006339 0.928000 94 87 67
-0.055008 -0.006325 0.926000 89 79 60
-0.052590 -0.006339 0.928000 86 76 59
0.008310 -0.006327 0.926000 106 100 83
0.013232 -0.006259 0.916000 88 80 64
0.015738 -0.006259 0.916000 125 117 100
0.018283 -0.006273 0.918000 93 83 66
0.088534 -0.006268 0.918000 107 108 94
0.090841 -0.006254 0.916000 96 99 87
0.093748 -0.006281 0.920000 64 69 57
0.120680 -0.006243 0.915000 69 70 56
0.162280 -0.006209 0.911000 91 89 71
0.171040 -0.006166 0.905000 54 61 50
0.174646 -0.006207 0.911000 68 75 64
0.179062 -0.006274 0.921000 82 86 78
-0.126577 -0.008904 0.932000 114 68 54
-0.107968 -0.009052 0.947000 33 23 14
-0.060134 -0.008867 0.927000 106 94 75
-0.056793 -0.008743 0.914000 91 79 60
-0.049892 -0.008849 0.925000 105 101 84
0.005776 -0.008861 0.926000 111 101 84
0.010620 -0.008679 0.907000 90 93 79
0.013073 -0.008660 0.905000 110 115 103
0.015549 -0.008660 0.905000 112 119 107
0.018044 -0.008669 0.906000 99 95 79
0.020613 -0.008707 0.910000 66 54 37
0.079108 -0.008846 0.925000 88 85 71
0.081634 -0.008845 0.925000 90 87 71
0.092831 -0.008709 0.911000 79 87 79
0.095944 -0.008766 0.917000 38 46 39
0.118187 -0.008743 0.915000 67 75 58
0.164030 -0.008656 0.907000 73 81 64
0.172920 -0.008606 0.902000 76 83 72
0.177312 -0.008700 0.912000 67 73 65
0.181954 -0.008805 0.923000 99 103 96
0.217871 -0.008632 0.906000 28 32 25
0.220322 -0.008631 0.906000 45 49 42
0.223510 -0.008659 0.909000 33 37 30
-0.126576 -0.011450 0.932000 111 65 51
-0.059421 -0.011267 0.916000 116 104 85
-0.053285 -0.011034 0.897000 100 102 84
-0.051003 -0.011071 0.900000 101 99 81
-0.049136 -0.011207 0.911000 93 93 75
-0.047311 -0.011367 0.924000 96 96 78
-0.004324 -0.011308 0.919000 64 52 35
-0.001806 -0.011283 0.917000 88 74 57
0.003243 -0.011394 0.926000 86 72 53
0.020432 -0.011098 0.902000 83 101 85
0.023153 -0.011221 0.912000 56 64 47
0.076168 -0.011313 0.920000 62 60 42
0.077910 -0.011202 0.911000 58 63 42
0.080309 -0.011190 0.910000 74 81 60
0.086797 -0.011065 0.900000 91 109 91
0.089154 -0.011052 0.899000 86 100 89
0.095525 -0.011223 0.913000 49 60 55
0.116578 -0.011329 0.922000 68 74 57
0.117669 -0.011194 0.911000 60 69 50
0.127874 -0.011215 0.913000 75 83 66
0.166125 -0.011105 0.905000 87 97 80
0.176728 -0.011151 0.909000 66 75 63
0.181756 -0.011310 0.922000 96 98 88
0.213908 -0.011151 0.910000 38 45 33
0.221296 -0.011025 0.900000 19 29 20
0.224228 -0.011048 0.902000 11 19 12
-0.107853 -0.014212 0.946000 31 19 9
-0.095470 -0.013914 0.926000 84 74 55
-0.092341 -0.013825 0.920000 64 58 41
-0.089537 -0.013781 0.917000 80 74 57
-0.087130 -0.013796 0.918000 69 65 48
-0.062735 -0.013952 0.928000 102 97 77
-0.058642 -0.013591 0.904000 85 83 65
-0.048543 -0.013533 0.900000 94 108 90
-0.046748 -0.013729 0.913000 60 69 50
-0.004259 -0.013612 0.905000 60 62 44
-0.001783 -0.013612 0.905000 73 88 66
0.020454 -0.013581 0.903000 77 98 85
0.023153 -0.013716 0.912000 79 89 72
0.073815 -0.013859 0.922000 67 57 40
0.075339 -0.013678 0.910000 95 93 75
0.092626 -0.013659 0.909000 75 97 87
0.096047 -0.013794 0.918000 76 90 82
0.113941 -0.013834 0.921000 43 42 26
0.115313 -0.013698 0.912000 46 55 34
0.125113 -0.013680 0.911000 72 88 69
0.128994 -0.013829 0.921000 64 70 52
0.167103 -0.013860 0.924000 60 58 40
0.166858 -0.013634 0.909000 67 78 59
0.179587 -0.013659 0.911000 67 60 49
0.182658 -0.013703 0.914000 77 76 70
0.185947 -0.013762 0.918000 99 98 92
0.205399 -0.013724 0.916000 181 179 161
0.207879 -0.013723 0.916000 197 195 177
0.210129 -0.013707 0.915000 110 114 97
0.211444 -0.013631 0.910000 184 190 173
0.227671 -0.013564 0.906000 9 17 10
0.246640 -0.014083 0.941000 33 21 14
0.274592 -0.014072 0.941000 133 80 68
-0.107510 -0.016744 0.943000 56 44 34
-0.097889 -0.016427 0.925000 68 62 45
-0.081759 -0.016236 0.914000 99 103 86
-0.079958 -0.016379 0.922000 59 58 42
-0.062666 -0.016472 0.927000 106 98 81
-0.058512 -0.016028 0.902000 93 93 75
-0.046287 -0.016066 0.904000 92 104 85
0.020590 -0.016158 0.909000 76 99 83
0.061153 -0.016365 0.921000 74 73 67
0.063532 -0.016329 0.919000 76 71 64
0.066115 -0.016347 0.920000 100 95 85
0.073654 -0.016345 0.920000 75 71 54
0.075007 -0.016095 0.906000 60 81 59
0.085183 -0.016146 0.909000 87 106 86
0.087953 -0.016199 0.912000 98 121 101
0.090442 -0.016198 0.912000 87 111 92
0.093542 -0.016304 0.918000 81 102 89
0.112950 -0.016208 0.913000 48 49 35
0.123035 -0.016222 0.914000 90 106 80
0.126623 -0.016363 0.922000 57 63 45
0.167463 -0.016417 0.926000 48 44 27
0.169325 -0.016113 0.909000 80 104 80
0.178206 -0.016020 0.904000 104 115 102
0.187819 -0.016211 0.915000 79 80 68
0.200217 -0.016205 0.915000 90 88 70
0.200702 -0.016044 0.906000 66 70 52
0.202483 -0.015990 0.903000 92 101 82
0.226916 -0.015978 0.903000 16 25 18
0.246638 -0.016645 0.941000 32 22 15
0.274007 -0.016596 0.939000 129 76 64
-0.125100 -0.019252 0.940000 74 31 17
-0.107623 -0.019341 0.944000 39 29 20
-0.097254 -0.018832 0.919000 48 46 28
-0.093303 -0.018546 0.905000 81 85 67
-0.079350 -0.018756 0.915000 73 87 68
-0.077355 -0.018880 0.921000 105 93 74
-0.074759 -0.018860 0.920000 107 89 73
-0.072168 -0.018840 0.919000 78 76 58
-0.067951 -0.019067 0.930000 120 116 99
-0.062869 -0.019068 0.930000 114 106 89
-0.058641 -0.018536 0.904000 81 81 63
-0.044348 -0.018764 0.915000 75 86 67
0.013029 -0.018501 0.902000 72 103 89
0.015548 -0.018563 0.905000 68 99 85
0.018143 -0.018685 0.911000 59 91 74
0.020862 -0.018890 0.921000 68 91 75
0.056241 -0.018926 0.923000 55 50 40
0.065467 -0.018678 0.911000 97 95 84
0.073973 -0.018942 0.924000 83 65 49
0.077566 -0.018592 0.907000 66 89 67
0.080131 -0.018612 0.908000 66 93 70
0.089399 -0.018999 0.927000 102 99 79
0.092028 -0.019018 0.928000 89 87 69
0.111429 -0.018867 0.921000 53 56 42
0.112331 -0.018600 0.908000 79 90 75
0.123976 -0.018862 0.921000 41 51 34
0.170160 -0.018962 0.927000 80 78 60
0.171559 -0.018838 0.921000 77 92 69
0.171980 -0.018612 0.910000 85 107 83
0.185560 -0.018481 0.904000 49 54 42
0.190298 -0.018704 0.915000 58 59 45
0.198169 -0.018741 0.917000 79 75 58
0.228673 -0.018579 0.910000 14 25 20
0.246637 -0.019206 0.941000 34 23 18
0.274006 -0.019150 0.939000 132 75 64
-0.125232 -0.021843 0.941000 76 32 16
-0.107850 -0.021967 0.946000 50 44 37
-0.097464 -0.021390 0.921000 83 79 62
-0.093302 -0.021019 0.905000 89 98 77
-0.076682 -0.021212 0.913000 79 99 72
-0.074108 -0.021189 0.912000 113 100 77
-0.071460 -0.021143 0.910000 120 125 104
-0.069050 -0.021167 0.911000 100 105 84
-0.067146 -0.021354 0.919000 62 56 39
-0.065268 -0.021564 0.928000 116 110 93
-0.063206 -0.021727 0.935000 95 85 68
-0.055921 -0.020915 0.900000 94 98 80
-0.044250 -0.021220 0.913000 59 72 49
-0.014412 -0.021410 0.921000 120 105 90
0.005695 -0.021225 0.913000 68 88 61
0.010690 -0.021224 0.913000 104 128 104
0.013188 -0.021224 0.913000 92 115 95
0.015737 -0.021294 0.916000 98 94 77
0.018362 -0.021433 0.922000 107 95 78
0.048882 -0.021545 0.927000 81 57 41
0.051361 -0.021521 0.926000 101 74 59
0.053601 -0.021404 0.921000 112 106 90
0.067806 -0.021121 0.909000 88 96 79
0.071217 -0.021399 0.921000 84 84 66
0.076413 -0.021444 0.923000 86 72 55
0.078506 -0.021327 0.918000 74 95 73
0.081013 -0.021326 0.918000 78 101 79
0.111307 -0.021360 0.920000 21 26 12
0.112330 -0.021081 0.908000 78 91 78
0.120675 -0.021240 0.915000 105 114 103
0.124648 -0.021494 0.926000 107 112 100
0.173490 -0.021280 0.918000 87 100 77
0.188425 -0.020991 0.906000 66 76 61
0.196439 -0.021055 0.909000 74 76 58
0.196057 -0.020753 0.896000 62 76 57
0.219101 -0.020854 0.901000 88 106 98
0.222275 -0.020922 0.904000 86 102 94
0.225714 -0.021013 0.908000 49 63 55
0.231687 -0.021335 0.922000 9 20 13
0.246898 -0.021791 0.942000 37 26 21
0.274004 -0.021704 0.939000 131 75 64
-0.131647 -0.024175 0.932000 137 94 88
-0.125364 -0.024439 0.942000 79 35 21
-0.108191 -0.024630 0.949000 30 20 13
-0.098416 -0.024140 0.930000 103 97 80
-0.091033 -0.023546 0.907000 76 97 75
-0.064564 -0.023842 0.918000 89 95 77
-0.063070 -0.024232 0.933000 98 100 82
-0.060196 -0.024103 0.928000 73 63 46
-0.056666 -0.023688 0.912000 109 97 78
-0.053461 -0.023377 0.900000 68 90 66
-0.048379 -0.023300 0.897000 85 110 82
-0.037405 -0.024134 0.929000 86 81 61
-0.014443 -0.023981 0.923000 86 72 55
-0.011724 -0.023592 0.908000 96 94 76
-0.006682 -0.023332 0.898000 69 95 76
0.003197 -0.023722 0.913000 90 117 94
0.005763 -0.024008 0.924000 101 125 101
0.048144 -0.023716 0.913000 113 99 82
0.050639 -0.023716 0.913000 116 112 95
0.057680 -0.023532 0.906000 76 97 77
0.067805 -0.023607 0.909000 76 94 76
0.071293 -0.023943 0.922000 87 91 73
0.112032 -0.024030 0.926000 67 70 56
0.113195 -0.023743 0.915000 87 95 80
0.115182 -0.023638 0.911000 88 97 85
0.118052 -0.023714 0.914000 86 93 82
0.121861 -0.023972 0.924000 67 63 52
0.174623 -0.023939 0.924000 87 96 75
0.174638 -0.023601 0.911000 102 114 95
0.192564 -0.023666 0.914000 58 54 37
0.198242 -0.024052 0.929000 64 52 33
0.196869 -0.023585 0.911000 75 75 57
0.196274 -0.023220 0.897000 56 79 59
0.207827 -0.023420 0.905000 90 107 94
0.212136 -0.023625 0.913000 90 106 88
0.215077 -0.023675 0.915000 53 64 45
0.216126 -0.023518 0.909000 71 81 66
0.218345 -0.023491 0.908000 104 113 101
0.229192 -0.023847 0.922000 23 31 24
0.233696 -0.024052 0.930000 14 22 15
0.246634 -0.024329 0.941000 38 29 24
0.251030 -0.024508 0.948000 41 24 18
-0.095774 -0.026654 0.929000 93 85 68
-0.089045 -0.026169 0.912000 81 90 71
-0.083790 -0.026085 0.909000 71 96 70
-0.064071 -0.026151 0.911000 67 78 61
-0.062731 -0.026639 0.928000 98 98 80
-0.054292 -0.026240 0.914000 97 95 75
-0.051227 -0.025954 0.904000 80 102 76
-0.038913 -0.025985 0.905000 72 84 61
-0.036881 -0.026302 0.916000 56 42 25
-0.034864 -0.026676 0.929000 67 53 34
-0.014521 -0.026650 0.928000 99 82 70
-0.009240 -0.026076 0.908000 81 92 73
-0.006734 -0.025990 0.905000 73 96 76
-0.004254 -0.025961 0.904000 77 101 81
-0.001787 -0.026047 0.907000 67 93 73
0.000699 -0.026220 0.913000 70 96 76
0.003232 -0.026507 0.923000 90 113 93
0.068252 -0.026264 0.915000 93 94 80
0.114554 -0.026558 0.926000 81 84 70
0.116951 -0.026528 0.925000 71 74 62
0.119600 -0.026555 0.926000 59 60 48
0.176745 -0.026400 0.922000 60 57 41
0.177497 -0.026140 0.913000 100 110 95
0.192773 -0.026186 0.915000 65 74 55
0.198596 -0.026296 0.919000 58 58 40
0.199366 -0.025749 0.900000 77 91 73
0.201804 -0.025747 0.900000 72 92 76
0.205148 -0.025859 0.904000 80 102 86
0.209892 -0.026143 0.914000 93 102 90
0.214689 -0.026427 0.924000 75 78 64
0.234448 -0.026670 0.933000 16 21 17
0.251293 -0.027117 0.949000 41 24 18
-0.087693 -0.029040 0.924000 89 86 66
-0.085171 -0.029041 0.924000 91 96 74
-0.082828 -0.029105 0.926000 82 97 74
-0.064070 -0.028641 0.911000 56 84 67
-0.062595 -0.029114 0.926000 47 58 41
-0.052189 -0.028960 0.921000 51 46 25
-0.048863 -0.028489 0.906000 43 49 23
-0.034451 -0.028870 0.918000 67 63 46
-0.011995 -0.029220 0.929000 93 83 66
-0.009413 -0.029094 0.925000 90 82 65
-0.006868 -0.029031 0.923000 69 63 46
-0.004343 -0.029031 0.923000 37 48 29
-0.001824 -0.029126 0.926000 25 41 22
0.043434 -0.028900 0.919000 61 58 42
0.060552 -0.028674 0.912000 82 105 85
0.062975 -0.028642 0.911000 76 101 85
0.065823 -0.028798 0.916000 72 97 81
0.180563 -0.028722 0.916000 45 50 38
0.194035 -0.028868 0.921000 82 92 77
0.201084 -0.028799 0.919000 98 96 78
0.202244 -0.028609 0.913000 67 71 53
0.204941 -0.028638 0.914000 63 69 52
0.208096 -0.028730 0.917000 79 85 68
0.212186 -0.028947 0.924000 42 41 27
0.235451 -0.029336 0.937000 24 27 24
0.251291 -0.029700 0.949000 40 23 18
-0.104820 -0.032171 0.942000 88 76 66
-0.074348 -0.031264 0.915000 96 119 99
-0.071613 -0.031163 0.912000 88 114 95
-0.068895 -0.031061 0.909000 82 110 93
-0.066558 -0.031131 0.911000 74 101 87
-0.062865 -0.031782 0.930000 48 58 43
-0.052359 -0.031581 0.924000 68 66 46
-0.048700 -0.030864 0.903000 102 126 100
0.043292 -0.031310 0.916000 89 78 65
0.058569 -0.031442 0.920000 85 94 87
0.061149 -0.031475 0.921000 77 85 78
0.063734 -0.031508 0.922000 60 63 51
0.183445 -0.031286 0.918000 92 97 86
0.184922 -0.031113 0.913000 83 92 81
0.187398 -0.031111 0.913000 78 85 73
0.191328 -0.031347 0.920000 36 32 21
0.235951 -0.031955 0.939000 21 24 21
0.246889 -0.032047 0.942000 44 35 32
0.251023 -0.032249 0.948000 39 24 19
-0.104707 -0.034708 0.941000 63 51 41
-0.072554 -0.034099 0.924000 58 60 42
-0.069803 -0.033989 0.921000 101 105 87
-0.067507 -0.034101 0.924000 95 87 71
-0.065334 -0.034287 0.929000 108 104 88
-0.052528 -0.034218 0.927000 74 64 47
-0.048861 -0.033444 0.906000 74 85 66
-0.032183 -0.034150 0.925000 82 96 78
0.043527 -0.033999 0.921000 69 58 43
0.052899 -0.033553 0.909000 91 110 98
0.056053 -0.033958 0.920000 49 63 54
0.246625 -0.034575 0.941000 46 41 35
0.251021 -0.034829 0.948000 39 26 21
-0.131637 -0.036899 0.932000 124 98 90
-0.104705 -0.037278 0.941000 71 63 54
-0.049454 -0.036357 0.917000 90 90 72
-0.034036 -0.035965 0.907000 76 102 82
-0.032217 -0.036719 0.926000 79 100 80
0.043904 -0.036835 0.929000 75 67 51
0.045944 -0.036438 0.919000 60 57 43
0.048034 -0.036119 0.911000 97 111 93
0.050524 -0.036119 0.911000 103 112 100
0.246884 -0.037175 0.942000 52 47 41
-0.046997 -0.038907 0.918000 79 71 54
-0.041247 -0.038231 0.902000 82 104 86
-0.038823 -0.038274 0.903000 69 95 75
-0.036556 -0.038487 0.908000 73 96 76
0.046493 -0.039416 0.930000 61 57 41
0.048824 -0.039246 0.926000 57 56 40
0.051300 -0.039202 0.925000 64 68 51
0.056782 -0.039497 0.932000 56 60 52
0.247929 -0.039908 0.946000 53 44 39
-0.126693 -0.042038 0.933000 156 107 95
-0.125483 -0.042491 0.943000 93 49 35
-0.042023 -0.041464 0.919000 70 72 54
-0.039554 -0.041510 0.920000 53 65 46
0.051798 -0.042137 0.934000 64 62 52
0.054292 -0.042091 0.933000 76 72 62
0.248188 -0.042527 0.947000 55 46 41
-0.132054 -0.044676 0.935000 128 108 102
-0.126691 -0.044585 0.933000 159 110 98
-0.125347 -0.045018 0.942000 103 59 45
-0.104921 -0.045085 0.943000 83 74 69
0.264109 -0.044316 0.931000 114 62 45
-0.131910 -0.047177 0.934000 130 108 100
-0.126824 -0.047183 0.934000 153 104 92
-0.125478 -0.047640 0.943000 91 46 34
-0.105253 -0.047813 0.946000 52 43 38
0.188348 -0.046903 0.930000 38 42 35
0.190869 -0.046900 0.930000 27 30 26
0.193806 -0.046997 0.932000 30 31 25
0.197596 -0.047296 0.938000 33 32 26
0.200138 -0.047293 0.938000 33 32 26
0.251270 -0.047779 0.949000 47 30 25
-0.131766 -0.049673 0.933000 132 110 102
-0.124943 -0.050002 0.939000 82 38 26
-0.105139 -0.050343 0.945000 57 50 48
0.061804 -0.049630 0.931000 40 41 37
0.194149 -0.050285 0.946000 30 31 25
0.196298 -0.050175 0.944000 23 24 18
0.205053 -0.050429 0.949000 25 24 18
0.207405 -0.050372 0.948000 25 24 18
0.209751 -0.050315 0.947000 16 17 11
0.211643 -0.050152 0.944000 20 21 15
0.213745 -0.050042 0.942000 16 17 11
0.216755 -0.050145 0.944000 15 16 10
0.226733 -0.050076 0.943000 14 15 9
0.251002 -0.050308 0.948000 58 32 24
-0.131762 -0.052220 0.933000 143 128 115
-0.124940 -0.052565 0.939000 92 47 35
0.005874 -0.052811 0.942000 16 19 15
0.008442 -0.052755 0.941000 22 25 21
0.011027 -0.052811 0.942000 23 24 20
0.013603 -0.052810 0.942000 27 26 20
0.039195 -0.052579 0.938000 18 19 13
0.112086 -0.053085 0.948000 19 20 16
0.114549 -0.053026 0.947000 17 18 14
0.117254 -0.053079 0.948000 19 20 14
0.119837 -0.053076 0.948000 18 19 13
0.122548 -0.053129 0.949000 18 19 13
0.129478 -0.052784 0.943000 16 17 13
0.132185 -0.052837 0.944000 22 23 19
0.135326 -0.053058 0.948000 26 27 23
0.137470 -0.052887 0.945000 23 24 20
0.140041 -0.052883 0.945000 16 17 13
0.271055 -0.051789 0.929000 141 82 70
-0.124671 -0.055011 0.937000 91 47 33
-0.063933 -0.055599 0.946000 27 26 22
-0.061349 -0.055601 0.946000 44 43 39
-0.058702 -0.055544 0.945000 34 33 29
-0.024988 -0.055265 0.940000 21 18 11
-0.022441 -0.055325 0.941000 93 91 81
-0.019868 -0.055325 0.941000 19 15 4
-0.012225 -0.055679 0.947000 22 17 7
-0.001865 -0.055680 0.947000 17 16 10
0.000725 -0.055680 0.947000 19 20 14
0.034319 -0.055556 0.945000 15 14 8
0.271051 -0.054315 0.929000 144 85 74
0.279448 -0.055481 0.949000 131 75 66
-0.051062 -0.058254 0.947000 18 17 11
-0.048320 -0.058071 0.944000 21 20 14
-0.045740 -0.058072 0.944000 16 15 9
-0.009635 -0.058268 0.947000 18 17 11
-0.007037 -0.058207 0.946000 16 17 11
-0.004441 -0.058084 0.944000 18 19 13
-0.001855 -0.057961 0.942000 41 40 34
0.000721 -0.057899 0.941000 33 32 26
0.271047 -0.056841 0.929000 137 76 65
0.279444 -0.058061 0.949000 131 71 65
-0.079682 -0.060948 0.949000 23 20 14
-0.077010 -0.060886 0.948000 22 19 13
-0.045981 -0.060973 0.949000 18 15 9
-0.043387 -0.060974 0.949000 15 14 8
0.000726 -0.060921 0.948000 60 59 53
0.003319 -0.060921 0.948000 89 88 82
0.005899 -0.060792 0.946000 77 76 70
0.101525 -0.060733 0.946000 71 71 69
0.104325 -0.060858 0.948000 63 61 59
0.109609 -0.060917 0.949000 73 73 73
0.112078 -0.060849 0.948000 73 73 71
0.114540 -0.060782 0.947000 65 65 63
0.119574 -0.060711 0.946000 59 59 57
0.122280 -0.060772 0.947000 54 54 52
0.125123 -0.060897 0.949000 55 55 53
0.130017 -0.060762 0.947000 56 56 54
0.132315 -0.060630 0.945000 71 71 69
0.135030 -0.060690 0.946000 54 54 52
0.153528 -0.060856 0.949000 26 27 23
0.163844 -0.060840 0.949000 31 32 26
0.166246 -0.060772 0.948000 22 21 15
0.174153 -0.060823 0.949000 31 26 20
0.176356 -0.060691 0.947000 94 89 83
0.178927 -0.060686 0.947000 89 84 78
0.186437 -0.060609 0.946000 55 50 44
0.189203 -0.060669 0.947000 74 69 63
0.191973 -0.060729 0.948000 51 46 40
0.271043 -0.059367 0.929000 144 83 72
0.279440 -0.060641 0.949000 132 72 64
-0.132031 -0.062538 0.935000 43 36 23
0.018873 -0.063509 0.948000 12 6 3
0.021465 -0.063509 0.948000 7 1 0
0.024083 -0.063575 0.949000 7 1 0
0.034425 -0.063504 0.948000 41 38 34
0.037056 -0.063570 0.949000 62 57 51
0.262664 -0.061705 0.926000 126 70 61
-0.132027 -0.065089 0.935000 37 33 23
-0.124258 -0.065030 0.934000 67 52 37
-0.123669 -0.066078 0.949000 71 51 35
0.260721 -0.064366 0.928000 131 81 74
-0.132306 -0.067784 0.937000 33 30 23
-0.124254 -0.067579 0.934000 53 46 33
-0.123405 -0.068523 0.947000 63 48 33
0.158674 -0.068611 0.949000 101 48 33
0.161253 -0.068606 0.949000 90 47 31
0.192162 -0.068549 0.949000 81 44 30
0.194529 -0.068472 0.948000 83 49 34
0.197307 -0.068539 0.949000 86 49 35
0.255653 -0.067553 0.937000 100 70 69
0.257357 -0.067332 0.934000 168 141 137
0.258488 -0.066966 0.929000 113 76 72
-0.123718 -0.069827 0.930000 44 39 28
-0.122619 -0.070656 0.941000 49 46 32
0.148194 -0.071142 0.948000 101 53 36
0.150454 -0.070987 0.946000 100 52 35
0.153026 -0.070982 0.946000 101 52 32
0.155597 -0.070978 0.946000 102 52 35
0.157833 -0.070823 0.944000 102 52 35
0.160229 -0.070743 0.943000 101 51 35
0.162963 -0.070814 0.944000 107 54 39
0.165352 -0.070734 0.943000 104 52 35
0.179945 -0.070405 0.939000 103 54 34
0.182686 -0.070475 0.940000 102 53 33
0.185039 -0.070395 0.939000 102 53 33
0.187586 -0.070390 0.939000 100 50 33
0.190132 -0.070385 0.939000 104 54 38
0.192062 -0.070155 0.936000 102 54 38
0.194599 -0.070150 0.936000 106 55 42
0.202424 -0.070209 0.937000 108 59 46
0.219243 -0.069873 0.933000 104 56 40
0.234637 -0.069917 0.934000 114 68 54
0.236654 -0.069762 0.932000 112 67 55
0.239430 -0.069832 0.933000 118 74 66
0.241693 -0.069752 0.932000 107 66 62
-0.123714 -0.072364 0.930000 37 33 23
-0.122224 -0.072990 0.938000 38 34 23
0.044785 -0.073857 0.948000 104 54 37
0.047425 -0.073934 0.949000 103 53 36
0.049913 -0.073776 0.947000 103 53 36
0.052501 -0.073774 0.947000 105 55 39
0.055088 -0.073772 0.947000 106 56 39
0.077702 -0.073128 0.939000 99 45 28
0.080265 -0.073125 0.939000 98 44 27
0.092778 -0.072876 0.936000 106 51 34
0.095229 -0.072795 0.935000 102 47 30
0.097779 -0.072792 0.935000 106 51 32
-0.129466 -0.075294 0.935000 54 53 47
-0.121568 -0.075146 0.933000 36 33 26
-0.118234 -0.076282 0.947000 45 42 28
-0.025220 -0.076537 0.949000 108 55 32
-0.022554 -0.076296 0.946000 108 55 34
-0.019947 -0.076216 0.945000 107 53 30
-0.017345 -0.076136 0.944000 108 55 34
-0.014780 -0.076217 0.945000 107 52 32
-0.012183 -0.076137 0.944000 106 51 31
-0.007006 -0.075977 0.942000 111 56 37
-0.004421 -0.075816 0.940000 108 53 34
-0.001851 -0.075816 0.940000 112 57 38
0.000720 -0.075816 0.940000 109 54 35
0.003286 -0.075735 0.939000 109 54 37
0.013513 -0.075492 0.936000 110 55 36
0.016038 -0.075330 0.934000 108 53 34
0.018571 -0.075249 0.933000 109 55 38
0.021099 -0.075167 0.932000 108 54 37
0.023647 -0.075166 0.932000 110 55 40
0.026195 -0.075165 0.932000 111 57 40
0.043885 -0.074914 0.929000 120 64 49
-0.126645 -0.077682 0.933000 48 47 41
-0.118896 -0.077612 0.932000 35 33 23
-0.115406 -0.078703 0.945000 46 43 29
-0.079579 -0.079003 0.948000 113 58 43
-0.076829 -0.078839 0.946000 107 52 37
-0.074247 -0.078842 0.946000 111 56 39
-0.071588 -0.078761 0.945000 116 61 44
-0.068935 -0.078681 0.944000 113 58 39
-0.066287 -0.078600 0.943000 114 60 41
-0.063712 -0.078603 0.943000 111 57 38
-0.061007 -0.078438 0.941000 113 59 42
-0.058374 -0.078357 0.940000 113 61 44
-0.055866 -0.078443 0.941000 112 59 44
-0.045340 -0.078034 0.936000 102 47 28
-0.042782 -0.078035 0.936000 108 51 32
-0.040267 -0.078120 0.937000 108 51 32
-0.037706 -0.078122 0.937000 105 48 29
-0.035108 -0.078040 0.936000 106 49 30
0.155813 -0.077544 0.932000 147 94 79
0.158345 -0.077539 0.932000 146 93 80
0.160877 -0.077534 0.932000 139 86 73
0.163408 -0.077529 0.932000 141 88 73
0.192662 -0.078052 0.939000 144 85 65
0.200296 -0.078035 0.939000 137 85 68
0.203056 -0.078112 0.940000 138 85 70
0.205384 -0.078023 0.939000 147 84 72
0.208148 -0.078101 0.940000 143 82 70
0.210246 -0.077929 0.938000 147 86 74
0.213012 -0.078006 0.939000 143 82 70
0.215784 -0.078084 0.940000 144 83 71
0.226199 -0.078144 0.941000 145 89 74
0.228745 -0.078138 0.941000 148 93 80
0.231044 -0.078049 0.940000 143 90 77
0.233586 -0.078044 0.940000 146 93 80
0.241467 -0.078110 0.941000 142 87 74
0.249626 -0.078259 0.943000 140 84 71
0.252174 -0.078253 0.943000 142 86 75
0.254992 -0.078330 0.944000 149 96 84
-0.128541 -0.081430 0.947000 51 52 46
-0.123834 -0.080059 0.931000 46 47 41
-0.111633 -0.080425 0.935000 44 42 31
-0.109085 -0.080429 0.935000 50 46 30
-0.106537 -0.080433 0.935000 67 56 41
0.023722 -0.080515 0.935000 149 93 78
0.031456 -0.080684 0.937000 147 93 76
0.036656 -0.080853 0.939000 147 92 75
0.039181 -0.080766 0.938000 154 87 73
0.044402 -0.080934 0.940000 153 90 78
0.046920 -0.080846 0.939000 154 91 79
0.049538 -0.080931 0.940000 149 87 72
0.052217 -0.081101 0.942000 150 84 68
0.054965 -0.081357 0.945000 152 86 70
0.068085 -0.081603 0.948000 150 89 77
0.070599 -0.081514 0.947000 152 91 79
0.073262 -0.081598 0.948000 151 90 78
0.112167 -0.081631 0.949000 146 82 64
0.114752 -0.081627 0.949000 150 86 70
0.117338 -0.081622 0.949000 147 82 68
0.119923 -0.081618 0.949000 145 83 68
-0.126224 -0.084195 0.949000 46 50 43
-0.121555 -0.082780 0.933000 43 44 38
-0.110793 -0.082354 0.928000 39 37 26
-0.108264 -0.082358 0.928000 47 44 30
-0.042504 -0.082613 0.930000 157 95 79
-0.040049 -0.082793 0.932000 151 91 75
-0.037703 -0.083238 0.937000 153 93 77
-0.035180 -0.083329 0.938000 148 90 74
-0.022433 -0.083601 0.941000 157 94 82
-0.019860 -0.083602 0.941000 157 96 84
-0.017306 -0.083692 0.942000 153 97 84
-0.014731 -0.083692 0.942000 159 100 88
-0.012169 -0.083782 0.943000 161 100 88
-0.009621 -0.084049 0.946000 152 90 75
-0.007050 -0.084227 0.948000 155 90 76
-0.004458 -0.084227 0.948000 156 91 77
-0.001868 -0.084316 0.949000 153 88 74
-0.113805 -0.085246 0.932000 30 29 23
-0.111386 -0.085342 0.933000 33 30 23
-0.108843 -0.085346 0.933000 35 33 23
-0.106415 -0.085442 0.934000 41 39 28
-0.103869 -0.085446 0.934000 47 43 27
-0.063907 -0.086599 0.946000 160 96 80
-0.061388 -0.086693 0.947000 157 91 75
-0.058926 -0.086879 0.949000 155 89 73
