1.85292 4.84595 -5.02936 0.529406
1.85292 4.84595 -4.49995 0.529406
2.38233 4.84595 -5.55877 0.529406
2.91173 4.84595 -5.55877 0.529406
2.91173 4.84595 -5.02936 0.529406
2.38233 4.84595 -5.02936 0.529406
2.38233 4.84595 -4.49995 0.529406
3.97055 8.02239 -2.91173 0.529406
3.97055 8.02239 -2.38233 0.529406
3.44114 7.49298 -3.44114 0.529406
2.91173 7.49298 -3.44114 0.529406
2.91173 7.49298 -2.91173 0.529406
2.91173 6.96358 -2.91173 0.529406
2.38233 6.96358 -2.38233 0.529406
2.91173 6.96358 -2.38233 0.529406
3.97055 7.49298 -2.91173 0.529406
3.44114 7.49298 -2.91173 0.529406
3.44114 7.49298 -2.38233 0.529406
3.97055 7.49298 -2.38233 0.529406
3.97055 6.96358 -2.91173 0.529406
3.44114 6.96358 -2.38233 0.529406
3.97055 6.96358 -2.38233 0.529406
0.264703 8.5518 -0.264703 0.529406
0.794109 8.5518 -0.264703 0.529406
0.264703 8.02239 -0.264703 0.529406
1.85292 7.49298 -1.32352 0.529406
0.264703 7.49298 -0.264703 0.529406
2.38233 8.02239 -1.32352 0.529406
2.91173 8.02239 -1.32352 0.529406
2.38233 8.02239 -0.794109 0.529406
3.97055 7.49298 -1.85292 0.529406
3.44114 7.49298 -1.85292 0.529406
3.44114 7.49298 -1.32352 0.529406
3.97055 6.96358 -1.85292 0.529406
3.44114 6.96358 -1.85292 0.529406
3.44114 6.96358 -1.32352 0.529406
3.97055 6.96358 -1.32352 0.529406
2.91173 7.49298 -1.85292 0.529406
2.38233 7.49298 -1.85292 0.529406
2.38233 7.49298 -1.32352 0.529406
2.91173 7.49298 -1.32352 0.529406
2.91173 6.96358 -1.85292 0.529406
2.91173 6.96358 -1.32352 0.529406
2.91173 7.49298 -0.794109 0.529406
2.38233 7.49298 -0.794109 0.529406
2.38233 7.49298 -0.264703 0.529406
2.91173 7.49298 -0.264703 0.529406
2.91173 6.96358 -0.794109 0.529406
2.38233 6.96358 -0.794109 0.529406
2.91173 6.96358 -0.264703 0.529406
3.44114 7.49298 -0.794109 0.529406
3.44114 6.96358 -0.794109 0.529406
3.44114 6.96358 -0.264703 0.529406
3.97055 6.43417 -3.97055 0.529406
3.97055 6.43417 -3.44114 0.529406
2.38233 6.43417 -2.91173 0.529406
2.38233 6.43417 -2.38233 0.529406
2.91173 6.43417 -2.38233 0.529406
3.97055 6.43417 -2.91173 0.529406
3.97055 5.90477 -2.91173 0.529406
3.44114 5.90477 -2.38233 0.529406
3.97055 5.90477 -2.38233 0.529406
3.44114 4.84595 -3.44114 0.529406
3.97055 4.84595 -3.44114 0.529406
2.38233 5.37536 -3.97055 0.529406
2.38233 5.37536 -3.44114 0.529406
2.91173 5.37536 -3.44114 0.529406
2.38233 4.84595 -3.97055 0.529406
2.38233 4.84595 -3.44114 0.529406
2.91173 4.84595 -3.44114 0.529406
2.91173 5.37536 -2.91173 0.529406
2.38233 5.37536 -2.91173 0.529406
2.38233 5.37536 -2.38233 0.529406
2.91173 5.37536 -2.38233 0.529406
2.38233 4.84595 -2.91173 0.529406
2.38233 4.84595 -2.38233 0.529406
3.44114 5.37536 -2.38233 0.529406
3.97055 5.37536 -2.38233 0.529406
3.44114 4.84595 -2.91173 0.529406
0.794109 5.90477 -2.91173 0.529406
0.264703 5.90477 -2.38233 0.529406
0.794109 5.90477 -2.38233 0.529406
1.32352 5.90477 -2.91173 0.529406
1.32352 5.90477 -2.38233 0.529406
1.32352 5.37536 -3.44114 0.529406
1.85292 5.37536 -3.44114 0.529406
1.32352 4.84595 -3.97055 0.529406
1.85292 4.84595 -3.44114 0.529406
0.794109 5.37536 -3.44114 0.529406
0.794109 4.84595 -3.97055 0.529406
0.264703 4.84595 -3.44114 0.529406
0.794109 4.84595 -3.44114 0.529406
0.794109 5.37536 -2.91173 0.529406
0.264703 5.37536 -2.91173 0.529406
0.264703 5.37536 -2.38233 0.529406
0.794109 5.37536 -2.38233 0.529406
0.794109 4.84595 -2.91173 0.529406
0.264703 4.84595 -2.91173 0.529406
0.264703 4.84595 -2.38233 0.529406
0.794109 4.84595 -2.38233 0.529406
1.85292 5.37536 -2.91173 0.529406
1.32352 5.37536 -2.91173 0.529406
1.32352 5.37536 -2.38233 0.529406
1.85292 5.37536 -2.38233 0.529406
1.85292 4.84595 -2.91173 0.529406
1.32352 4.84595 -2.91173 0.529406
1.32352 4.84595 -2.38233 0.529406
1.85292 4.84595 -2.38233 0.529406
1.32352 5.90477 -1.85292 0.529406
0.794109 5.90477 -1.85292 0.529406
1.85292 5.37536 -1.85292 0.529406
1.32352 5.37536 -1.85292 0.529406
0.794109 5.37536 -1.85292 0.529406
0.264703 5.37536 -1.85292 0.529406
0.794109 4.84595 -0.264703 0.529406
1.85292 5.37536 -0.794109 0.529406
1.32352 5.37536 -0.264703 0.529406
1.85292 5.37536 -0.264703 0.529406
1.85292 4.84595 -0.794109 0.529406
1.32352 4.84595 -0.794109 0.529406
1.32352 4.84595 -0.264703 0.529406
1.85292 4.84595 -0.264703 0.529406
3.97055 6.43417 -1.32352 0.529406
2.38233 5.90477 -0.794109 0.529406
3.44114 5.37536 -1.85292 0.529406
3.44114 5.37536 -1.32352 0.529406
3.97055 5.37536 -1.32352 0.529406
3.44114 4.84595 -1.85292 0.529406
3.44114 4.84595 -1.32352 0.529406
3.97055 4.84595 -1.32352 0.529406
2.91173 5.37536 -1.85292 0.529406
2.91173 5.37536 -1.32352 0.529406
2.38233 4.84595 -1.32352 0.529406
2.91173 4.84595 -1.32352 0.529406
2.91173 5.37536 -0.794109 0.529406
2.38233 5.37536 -0.794109 0.529406
2.91173 5.37536 -0.264703 0.529406
2.91173 4.84595 -0.794109 0.529406
2.38233 4.84595 -0.794109 0.529406
3.97055 5.37536 -0.794109 0.529406
3.44114 5.37536 -0.794109 0.529406
3.44114 5.37536 -0.264703 0.529406
3.97055 5.37536 -0.264703 0.529406
3.97055 4.84595 -0.794109 0.529406
3.44114 4.84595 -0.794109 0.529406
3.44114 4.84595 -0.264703 0.529406
3.97055 4.84595 -0.264703 0.529406
4.49995 8.02239 -2.91173 0.529406
4.49995 6.96358 -3.44114 0.529406
5.02936 6.96358 -3.44114 0.529406
4.49995 7.49298 -2.38233 0.529406
5.02936 7.49298 -2.38233 0.529406
5.02936 6.96358 -2.91173 0.529406
4.49995 6.96358 -2.91173 0.529406
4.49995 6.96358 -2.38233 0.529406
5.02936 6.96358 -2.38233 0.529406
4.49995 6.96358 -1.85292 0.529406
4.49995 6.96358 -1.32352 0.529406
5.02936 6.96358 -1.32352 0.529406
4.49995 7.49298 -0.264703 0.529406
5.02936 7.49298 -0.264703 0.529406
4.49995 6.96358 -0.264703 0.529406
5.55877 7.49298 -0.264703 0.529406
4.49995 6.43417 -3.44114 0.529406
5.02936 6.43417 -3.44114 0.529406
5.02936 6.43417 -2.91173 0.529406
4.49995 6.43417 -2.91173 0.529406
4.49995 6.43417 -2.38233 0.529406
5.02936 6.43417 -2.38233 0.529406
5.02936 5.90477 -2.91173 0.529406
4.49995 5.90477 -2.38233 0.529406
5.02936 5.90477 -2.38233 0.529406
5.55877 5.37536 -3.44114 0.529406
5.55877 4.84595 -3.44114 0.529406
5.02936 4.84595 -3.44114 0.529406
5.02936 5.37536 -2.91173 0.529406
5.02936 5.37536 -2.38233 0.529406
5.02936 4.84595 -2.91173 0.529406
4.49995 4.84595 -2.38233 0.529406
5.02936 4.84595 -2.38233 0.529406
5.55877 5.37536 -2.91173 0.529406
5.55877 5.37536 -2.38233 0.529406
6.08817 5.37536 -2.38233 0.529406
6.08817 4.84595 -2.91173 0.529406
5.55877 4.84595 -2.91173 0.529406
5.55877 4.84595 -2.38233 0.529406
6.08817 4.84595 -2.38233 0.529406
5.02936 6.43417 -1.85292 0.529406
4.49995 6.43417 -1.85292 0.529406
4.49995 6.43417 -1.32352 0.529406
5.02936 6.43417 -1.32352 0.529406
4.49995 5.90477 -1.85292 0.529406
4.49995 6.43417 -0.794109 0.529406
4.49995 6.43417 -0.264703 0.529406
5.02936 6.43417 -0.264703 0.529406
5.02936 5.90477 -0.794109 0.529406
4.49995 5.90477 -0.794109 0.529406
6.08817 5.37536 -1.85292 0.529406
5.55877 5.37536 -1.85292 0.529406
6.08817 4.84595 -1.85292 0.529406
5.55877 4.84595 -1.85292 0.529406
5.55877 4.84595 -1.32352 0.529406
5.02936 5.37536 -1.85292 0.529406
4.49995 5.37536 -1.32352 0.529406
5.02936 4.84595 -1.85292 0.529406
5.02936 4.84595 -1.32352 0.529406
4.49995 5.37536 -0.794109 0.529406
4.49995 5.37536 -0.264703 0.529406
5.02936 5.37536 -0.264703 0.529406
5.02936 4.84595 -0.794109 0.529406
4.49995 4.84595 -0.794109 0.529406
4.49995 4.84595 -0.264703 0.529406
5.02936 4.84595 -0.264703 0.529406
5.55877 4.84595 -0.794109 0.529406
5.55877 4.84595 -0.264703 0.529406
4.49995 3.78714 -4.49995 0.529406
1.85292 4.31655 -5.55877 0.529406
1.32352 3.78714 -5.55877 0.529406
1.85292 3.78714 -5.55877 0.529406
0.794109 4.31655 -4.49995 0.529406
0.794109 3.78714 -5.02936 0.529406
0.264703 3.78714 -5.02936 0.529406
0.794109 3.78714 -4.49995 0.529406
1.85292 4.31655 -5.02936 0.529406
1.32352 4.31655 -4.49995 0.529406
1.85292 3.78714 -5.02936 0.529406
1.32352 3.78714 -5.02936 0.529406
1.32352 3.78714 -4.49995 0.529406
1.85292 3.78714 -4.49995 0.529406
1.32352 3.25773 -5.55877 0.529406
0.794109 3.25773 -5.55877 0.529406
0.794109 3.25773 -5.02936 0.529406
0.264703 3.25773 -5.02936 0.529406
0.264703 3.25773 -4.49995 0.529406
0.794109 3.25773 -4.49995 0.529406
0.794109 2.72833 -4.49995 0.529406
1.85292 3.25773 -5.02936 0.529406
1.32352 3.25773 -5.02936 0.529406
1.32352 3.25773 -4.49995 0.529406
1.85292 3.25773 -4.49995 0.529406
1.85292 2.72833 -5.02936 0.529406
1.32352 2.72833 -4.49995 0.529406
1.85292 2.72833 -4.49995 0.529406
3.97055 4.31655 -5.55877 0.529406
3.44114 3.78714 -5.55877 0.529406
2.38233 4.31655 -6.08817 0.529406
2.38233 4.31655 -5.55877 0.529406
2.91173 4.31655 -5.55877 0.529406
2.38233 3.78714 -5.55877 0.529406
2.91173 4.31655 -5.02936 0.529406
2.38233 4.31655 -5.02936 0.529406
2.38233 4.31655 -4.49995 0.529406
2.91173 4.31655 -4.49995 0.529406
2.91173 3.78714 -5.02936 0.529406
2.38233 3.78714 -4.49995 0.529406
2.91173 3.78714 -4.49995 0.529406
3.97055 4.31655 -5.02936 0.529406
3.44114 4.31655 -5.02936 0.529406
3.44114 4.31655 -4.49995 0.529406
3.97055 4.31655 -4.49995 0.529406
3.97055 3.78714 -5.02936 0.529406
3.44114 3.78714 -5.02936 0.529406
3.44114 3.78714 -4.49995 0.529406
3.44114 3.25773 -5.55877 0.529406
3.97055 3.25773 -5.55877 0.529406
3.44114 2.72833 -5.55877 0.529406
2.91173 3.25773 -5.55877 0.529406
2.91173 2.72833 -5.55877 0.529406
2.91173 3.25773 -5.02936 0.529406
2.38233 3.25773 -4.49995 0.529406
2.91173 3.25773 -4.49995 0.529406
2.91173 2.72833 -4.49995 0.529406
3.97055 3.25773 -5.02936 0.529406
3.44114 3.25773 -5.02936 0.529406
3.44114 3.25773 -4.49995 0.529406
3.97055 3.25773 -4.49995 0.529406
2.91173 2.19892 -4.49995 0.529406
3.97055 4.31655 -3.97055 0.529406
3.44114 4.31655 -3.97055 0.529406
3.97055 3.78714 -3.97055 0.529406
3.97055 3.78714 -3.44114 0.529406
2.91173 3.78714 -3.97055 0.529406
2.38233 3.78714 -3.97055 0.529406
2.91173 4.31655 -2.91173 0.529406
2.38233 4.31655 -2.91173 0.529406
2.38233 3.78714 -2.91173 0.529406
2.91173 3.78714 -2.38233 0.529406
3.97055 4.31655 -2.91173 0.529406
3.97055 3.78714 -2.38233 0.529406
3.97055 3.25773 -3.44114 0.529406
2.91173 3.25773 -3.97055 0.529406
2.38233 3.25773 -3.97055 0.529406
2.91173 2.72833 -3.97055 0.529406
2.38233 2.72833 -3.97055 0.529406
2.91173 3.25773 -2.38233 0.529406
2.91173 2.72833 -2.38233 0.529406
3.97055 3.25773 -2.38233 0.529406
3.44114 2.72833 -2.38233 0.529406
3.97055 2.72833 -2.38233 0.529406
1.32352 4.31655 -3.97055 0.529406
1.32352 4.31655 -3.44114 0.529406
1.85292 3.78714 -3.97055 0.529406
1.32352 3.78714 -3.97055 0.529406
0.794109 4.31655 -3.97055 0.529406
0.264703 4.31655 -3.97055 0.529406
0.264703 4.31655 -3.44114 0.529406
0.794109 4.31655 -3.44114 0.529406
0.794109 4.31655 -2.91173 0.529406
0.264703 4.31655 -2.91173 0.529406
0.264703 4.31655 -2.38233 0.529406
0.794109 4.31655 -2.38233 0.529406
0.264703 3.78714 -2.38233 0.529406
0.794109 3.78714 -2.38233 0.529406
1.32352 4.31655 -2.91173 0.529406
1.32352 3.78714 -2.38233 0.529406
1.85292 3.25773 -3.97055 0.529406
1.32352 3.25773 -3.97055 0.529406
1.85292 2.72833 -3.97055 0.529406
1.85292 2.72833 -3.44114 0.529406
0.794109 3.25773 -3.97055 0.529406
0.794109 2.72833 -3.97055 0.529406
0.794109 3.25773 -2.38233 0.529406
1.32352 3.25773 -2.38233 0.529406
1.32352 2.72833 -2.91173 0.529406
1.32352 3.78714 -1.85292 0.529406
1.32352 3.78714 -1.32352 0.529406
1.85292 3.78714 -1.32352 0.529406
0.264703 4.31655 -1.85292 0.529406
0.264703 4.31655 -1.32352 0.529406
0.794109 4.31655 -1.32352 0.529406
0.794109 3.78714 -1.85292 0.529406
0.264703 3.78714 -1.85292 0.529406
0.264703 3.78714 -1.32352 0.529406
0.794109 3.78714 -1.32352 0.529406
0.794109 4.31655 -0.794109 0.529406
0.264703 4.31655 -0.794109 0.529406
0.264703 4.31655 -0.264703 0.529406
0.794109 4.31655 -0.264703 0.529406
0.794109 3.78714 -0.794109 0.529406
0.264703 3.78714 -0.794109 0.529406
0.264703 3.78714 -0.264703 0.529406
0.794109 3.78714 -0.264703 0.529406
1.32352 4.31655 -0.264703 0.529406
1.85292 4.31655 -0.264703 0.529406
1.85292 3.78714 -0.794109 0.529406
1.32352 3.78714 -0.794109 0.529406
1.32352 3.78714 -0.264703 0.529406
1.85292 3.25773 -1.85292 0.529406
1.32352 3.25773 -1.85292 0.529406
1.32352 3.25773 -1.32352 0.529406
1.85292 3.25773 -1.32352 0.529406
1.85292 2.72833 -1.85292 0.529406
1.32352 2.72833 -1.85292 0.529406
1.32352 2.72833 -1.32352 0.529406
1.85292 2.72833 -1.32352 0.529406
0.264703 3.25773 -1.85292 0.529406
0.794109 3.25773 -1.32352 0.529406
0.794109 2.72833 -1.85292 0.529406
0.794109 2.72833 -1.32352 0.529406
0.794109 3.25773 -0.794109 0.529406
0.264703 3.25773 -0.794109 0.529406
0.264703 3.25773 -0.264703 0.529406
0.794109 3.25773 -0.264703 0.529406
0.794109 2.72833 -0.794109 0.529406
0.264703 2.72833 -0.794109 0.529406
0.264703 2.72833 -0.264703 0.529406
1.85292 3.25773 -0.794109 0.529406
1.32352 3.25773 -0.794109 0.529406
3.44114 4.31655 -1.32352 0.529406
3.97055 4.31655 -1.32352 0.529406
2.38233 3.78714 -1.32352 0.529406
2.91173 4.31655 -0.794109 0.529406
2.91173 4.31655 -0.264703 0.529406
2.38233 3.78714 -0.794109 0.529406
2.91173 3.78714 -0.264703 0.529406
3.97055 4.31655 -0.794109 0.529406
3.44114 4.31655 -0.264703 0.529406
3.97055 4.31655 -0.264703 0.529406
3.97055 3.78714 -0.794109 0.529406
3.44114 3.78714 -0.794109 0.529406
3.97055 3.78714 -0.264703 0.529406
3.44114 3.25773 -1.85292 0.529406
3.44114 2.72833 -1.85292 0.529406
2.91173 2.72833 -1.85292 0.529406
2.38233 2.72833 -1.32352 0.529406
2.38233 2.72833 -0.794109 0.529406
2.91173 2.72833 -0.264703 0.529406
3.44114 3.25773 -0.264703 0.529406
3.44114 2.72833 -0.264703 0.529406
2.38233 2.19892 -3.97055 0.529406
2.38233 2.19892 -3.44114 0.529406
1.32352 2.19892 -3.97055 0.529406
1.32352 2.19892 -3.44114 0.529406
0.794109 2.19892 -3.97055 0.529406
1.85292 2.19892 -1.85292 0.529406
1.85292 2.19892 -1.32352 0.529406
0.794109 2.19892 -1.85292 0.529406
0.264703 2.19892 -1.85292 0.529406
0.264703 2.19892 -1.32352 0.529406
0.794109 2.19892 -1.32352 0.529406
1.85292 2.19892 -0.794109 0.529406
1.32352 2.19892 -0.264703 0.529406
1.85292 1.66952 -0.264703 0.529406
2.91173 2.19892 -1.85292 0.529406
2.38233 2.19892 -1.32352 0.529406
2.38233 2.19892 -0.794109 0.529406
2.38233 2.19892 -0.264703 0.529406
2.91173 2.19892 -0.264703 0.529406
2.38233 1.66952 -0.264703 0.529406
5.55877 4.31655 -3.44114 0.529406
6.08817 4.31655 -3.44114 0.529406
5.55877 3.78714 -3.44114 0.529406
5.02936 4.31655 -3.97055 0.529406
4.49995 4.31655 -3.44114 0.529406
5.02936 4.31655 -3.44114 0.529406
4.49995 3.78714 -3.97055 0.529406
4.49995 3.78714 -3.44114 0.529406
5.02936 3.78714 -3.44114 0.529406
5.02936 4.31655 -2.91173 0.529406
4.49995 4.31655 -2.91173 0.529406
4.49995 4.31655 -2.38233 0.529406
5.02936 3.78714 -2.91173 0.529406
4.49995 3.78714 -2.91173 0.529406
4.49995 3.78714 -2.38233 0.529406
6.08817 4.31655 -2.91173 0.529406
5.55877 4.31655 -2.91173 0.529406
5.55877 4.31655 -2.38233 0.529406
6.08817 4.31655 -2.38233 0.529406
6.08817 3.78714 -2.91173 0.529406
5.55877 3.78714 -2.91173 0.529406
5.55877 3.78714 -2.38233 0.529406
4.49995 3.25773 -3.44114 0.529406
4.49995 3.25773 -2.91173 0.529406
4.49995 3.25773 -2.38233 0.529406
4.49995 2.72833 -2.38233 0.529406
5.55877 4.31655 -1.85292 0.529406
5.55877 4.31655 -1.32352 0.529406
5.55877 3.78714 -1.85292 0.529406
5.55877 3.78714 -1.32352 0.529406
5.02936 4.31655 -1.85292 0.529406
4.49995 4.31655 -1.85292 0.529406
4.49995 4.31655 -1.32352 0.529406
5.02936 4.31655 -1.32352 0.529406
5.02936 3.78714 -1.85292 0.529406
4.49995 3.78714 -1.32352 0.529406
5.02936 3.78714 -1.32352 0.529406
5.02936 4.31655 -0.794109 0.529406
4.49995 4.31655 -0.794109 0.529406
4.49995 4.31655 -0.264703 0.529406
5.02936 4.31655 -0.264703 0.529406
4.49995 3.78714 -0.264703 0.529406
6.08817 4.31655 -0.794109 0.529406
5.55877 4.31655 -0.794109 0.529406
5.55877 4.31655 -0.264703 0.529406
6.08817 4.31655 -0.264703 0.529406
5.55877 3.78714 -0.264703 0.529406
5.02936 3.25773 -1.85292 0.529406
4.49995 3.25773 -1.85292 0.529406
5.55877 3.25773 -0.264703 0.529406
6.08817 3.25773 -0.264703 0.529406
-0.264703 8.5518 -0.264703 0.529406
-0.264703 8.02239 -0.264703 0.529406
-0.264703 7.49298 -0.264703 0.529406
-0.264703 6.96358 -0.264703 0.529406
-0.264703 4.84595 -3.44114 0.529406
-0.264703 4.84595 -2.91173 0.529406
-3.44114 4.84595 -0.264703 0.529406
-2.91173 4.84595 -0.264703 0.529406
-0.794109 4.84595 -1.32352 0.529406
-1.32352 4.84595 -0.794109 0.529406
-1.32352 4.84595 -0.264703 0.529406
-0.794109 4.84595 -0.794109 0.529406
-0.794109 4.84595 -0.264703 0.529406
-0.264703 4.84595 -0.264703 0.529406
-4.49995 4.31655 -1.32352 0.529406
-4.49995 3.78714 -1.32352 0.529406
-4.49995 4.31655 -0.794109 0.529406
-5.02936 4.31655 -0.264703 0.529406
-4.49995 4.31655 -0.264703 0.529406
-4.49995 3.78714 -0.794109 0.529406
-4.49995 3.78714 -0.264703 0.529406
-5.02936 3.25773 -1.32352 0.529406
-4.49995 3.25773 -1.32352 0.529406
-4.49995 3.25773 -0.794109 0.529406
-5.02936 3.25773 -0.794109 0.529406
-1.32352 4.31655 -2.38233 0.529406
-0.264703 4.31655 -2.91173 0.529406
-0.794109 4.31655 -2.91173 0.529406
-0.794109 4.31655 -2.38233 0.529406
-0.264703 4.31655 -2.38233 0.529406
-0.794109 3.78714 -2.38233 0.529406
-0.264703 3.78714 -2.38233 0.529406
-2.91173 3.78714 -1.32352 0.529406
-3.97055 4.31655 -1.32352 0.529406
-3.44114 4.31655 -1.32352 0.529406
-3.44114 3.78714 -1.85292 0.529406
-3.97055 3.78714 -1.85292 0.529406
-3.97055 3.78714 -1.32352 0.529406
-3.44114 3.78714 -1.32352 0.529406
-3.44114 4.31655 -0.794109 0.529406
-3.97055 4.31655 -0.794109 0.529406
-3.97055 4.31655 -0.264703 0.529406
-3.44114 4.31655 -0.264703 0.529406
-3.44114 3.78714 -0.794109 0.529406
-3.97055 3.78714 -0.794109 0.529406
-2.38233 4.31655 -0.794109 0.529406
-2.91173 4.31655 -0.794109 0.529406
-2.91173 4.31655 -0.264703 0.529406
-2.38233 4.31655 -0.264703 0.529406
-2.91173 3.78714 -0.794109 0.529406
-2.91173 3.78714 -0.264703 0.529406
-2.38233 3.78714 -0.264703 0.529406
-2.91173 3.25773 -1.32352 0.529406
-3.97055 3.25773 -1.32352 0.529406
-3.44114 3.25773 -1.32352 0.529406
-3.44114 3.25773 -0.794109 0.529406
-3.97055 3.25773 -0.794109 0.529406
-3.97055 3.25773 -0.264703 0.529406
-3.44114 3.25773 -0.264703 0.529406
-2.91173 3.25773 -0.794109 0.529406
-2.38233 3.25773 -0.264703 0.529406
-0.264703 4.31655 -1.85292 0.529406
-0.794109 4.31655 -1.85292 0.529406
-0.794109 4.31655 -1.32352 0.529406
-0.264703 3.78714 -1.85292 0.529406
-0.794109 3.78714 -1.85292 0.529406
-0.794109 3.78714 -1.32352 0.529406
-0.264703 3.78714 -1.32352 0.529406
-1.32352 4.31655 -1.85292 0.529406
-1.85292 4.31655 -1.85292 0.529406
-1.32352 3.78714 -1.85292 0.529406
-1.32352 3.78714 -1.32352 0.529406
-1.32352 4.31655 -0.264703 0.529406
-1.32352 3.78714 -0.794109 0.529406
-1.32352 3.78714 -0.264703 0.529406
-0.264703 4.31655 -0.794109 0.529406
-0.794109 4.31655 -0.264703 0.529406
-0.264703 4.31655 -0.264703 0.529406
-0.264703 3.78714 -0.794109 0.529406
-0.794109 3.78714 -0.794109 0.529406
-0.264703 3.78714 -0.264703 0.529406
-0.794109 3.25773 -1.85292 0.529406
-0.794109 3.25773 -1.32352 0.529406
-0.264703 3.25773 -1.32352 0.529406
-0.264703 3.25773 -0.794109 0.529406
-0.264703 2.72833 -0.794109 0.529406
-0.264703 2.19892 -2.38233 0.529406
-0.264703 8.5518 0.264703 0.529406
-0.264703 8.5518 0.794109 0.529406
-0.264703 8.02239 0.264703 0.529406
-0.264703 8.02239 0.794109 0.529406
-1.32352 8.5518 1.32352 0.529406
-1.32352 8.5518 1.85292 0.529406
-1.85292 8.02239 1.85292 0.529406
-1.32352 8.02239 1.85292 0.529406
-0.794109 8.5518 1.85292 0.529406
-0.264703 8.02239 1.32352 0.529406
-0.794109 8.02239 1.32352 0.529406
-0.794109 8.02239 1.85292 0.529406
-0.264703 8.02239 1.85292 0.529406
-0.264703 7.49298 0.264703 0.529406
-0.794109 7.49298 0.794109 0.529406
-0.264703 6.96358 0.264703 0.529406
-0.794109 6.96358 0.264703 0.529406
-0.794109 6.96358 0.794109 0.529406
-0.264703 6.96358 0.794109 0.529406
-1.32352 7.49298 0.794109 0.529406
-1.32352 6.96358 0.794109 0.529406
-1.32352 7.49298 1.32352 0.529406
-1.85292 7.49298 1.32352 0.529406
-1.32352 7.49298 1.85292 0.529406
-1.32352 6.96358 1.32352 0.529406
-0.264703 7.49298 1.32352 0.529406
-0.794109 7.49298 1.32352 0.529406
-0.794109 7.49298 1.85292 0.529406
-0.264703 7.49298 1.85292 0.529406
-0.794109 6.96358 1.85292 0.529406
-0.264703 6.96358 1.85292 0.529406
-3.44114 7.49298 1.85292 0.529406
-2.91173 7.49298 1.85292 0.529406
-2.38233 7.49298 1.85292 0.529406
-2.38233 6.96358 1.85292 0.529406
-2.38233 7.49298 2.38233 0.529406
-2.91173 7.49298 2.38233 0.529406
-2.38233 6.96358 2.38233 0.529406
-3.44114 7.49298 2.38233 0.529406
-0.264703 7.49298 2.38233 0.529406
-0.794109 7.49298 2.38233 0.529406
-0.794109 7.49298 2.91173 0.529406
-0.264703 7.49298 2.91173 0.529406
-0.264703 6.96358 2.38233 0.529406
-0.794109 6.96358 2.38233 0.529406
-0.794109 6.96358 2.91173 0.529406
-0.264703 6.96358 2.91173 0.529406
-1.85292 6.96358 2.38233 0.529406
-1.32352 7.49298 3.44114 0.529406
-1.32352 6.96358 3.44114 0.529406
-1.32352 6.96358 3.97055 0.529406
-0.264703 7.49298 3.44114 0.529406
-0.794109 7.49298 3.44114 0.529406
-0.794109 7.49298 3.97055 0.529406
-0.264703 7.49298 3.97055 0.529406
-0.264703 6.96358 3.44114 0.529406
-0.794109 6.96358 3.44114 0.529406
-0.794109 6.96358 3.97055 0.529406
-0.264703 6.96358 3.97055 0.529406
-0.264703 6.43417 0.264703 0.529406
-0.264703 6.43417 0.794109 0.529406
-1.85292 6.43417 1.85292 0.529406
-1.85292 5.90477 1.85292 0.529406
-1.32352 5.90477 1.85292 0.529406
-0.264703 6.43417 1.32352 0.529406
-0.794109 6.43417 1.32352 0.529406
-0.794109 5.90477 1.85292 0.529406
-0.264703 5.90477 1.85292 0.529406
-0.794109 5.37536 0.264703 0.529406
-0.794109 4.84595 0.264703 0.529406
-0.794109 4.84595 0.794109 0.529406
-1.85292 5.37536 0.794109 0.529406
-1.32352 4.84595 0.264703 0.529406
-1.85292 4.84595 0.264703 0.529406
-1.85292 4.84595 0.794109 0.529406
-1.32352 4.84595 0.794109 0.529406
-1.85292 5.37536 1.32352 0.529406
-1.85292 5.37536 1.85292 0.529406
-1.85292 4.84595 1.32352 0.529406
-2.91173 6.43417 0.794109 0.529406
-2.38233 6.43417 0.794109 0.529406
-2.91173 5.90477 0.794109 0.529406
-2.38233 5.90477 0.794109 0.529406
-3.44114 6.43417 0.794109 0.529406
-3.44114 5.90477 1.32352 0.529406
-3.44114 5.90477 1.85292 0.529406
-2.38233 6.43417 1.32352 0.529406
-2.91173 6.43417 1.32352 0.529406
-2.91173 6.43417 1.85292 0.529406
-2.38233 6.43417 1.85292 0.529406
-2.38233 5.90477 1.32352 0.529406
-2.91173 5.90477 1.32352 0.529406
-2.91173 5.90477 1.85292 0.529406
-2.38233 5.37536 0.794109 0.529406
-2.91173 4.84595 0.264703 0.529406
-3.44114 4.84595 0.264703 0.529406
-3.97055 4.84595 0.264703 0.529406
-3.97055 4.84595 0.794109 0.529406
-3.44114 4.84595 0.794109 0.529406
-3.44114 4.84595 1.32352 0.529406
-3.97055 4.84595 1.32352 0.529406
-3.97055 4.84595 1.85292 0.529406
-3.44114 4.84595 1.85292 0.529406
-2.38233 5.37536 1.32352 0.529406
-2.38233 5.37536 1.85292 0.529406
-2.38233 4.84595 1.32352 0.529406
-2.38233 6.43417 2.38233 0.529406
-2.91173 6.43417 2.91173 0.529406
-2.38233 6.43417 2.91173 0.529406
-2.91173 5.90477 2.91173 0.529406
-2.38233 5.90477 2.91173 0.529406
-2.38233 6.43417 3.44114 0.529406
-2.91173 6.43417 3.44114 0.529406
-2.38233 5.90477 3.44114 0.529406
-2.91173 5.90477 3.97055 0.529406
-2.38233 5.37536 2.38233 0.529406
-2.91173 5.37536 2.91173 0.529406
-2.38233 5.37536 2.91173 0.529406
-3.97055 4.84595 2.38233 0.529406
-2.38233 5.37536 3.44114 0.529406
-2.91173 5.37536 3.44114 0.529406
-2.91173 5.37536 3.97055 0.529406
-2.38233 5.37536 3.97055 0.529406
-0.794109 6.43417 2.91173 0.529406
-0.264703 5.90477 2.38233 0.529406
-0.794109 5.90477 2.38233 0.529406
-1.85292 6.43417 2.38233 0.529406
-1.85292 6.43417 2.91173 0.529406
-1.32352 5.90477 2.38233 0.529406
-1.85292 5.90477 2.91173 0.529406
-1.85292 6.43417 3.44114 0.529406
-1.85292 5.90477 3.44114 0.529406
-0.794109 6.43417 3.44114 0.529406
-0.264703 6.43417 3.97055 0.529406
-0.794109 5.90477 3.97055 0.529406
-0.264703 5.37536 2.38233 0.529406
-0.794109 5.37536 2.38233 0.529406
-0.794109 5.37536 2.91173 0.529406
-0.264703 5.37536 2.91173 0.529406
-0.794109 4.84595 2.91173 0.529406
-0.264703 4.84595 2.91173 0.529406
-1.32352 5.37536 2.38233 0.529406
-1.85292 5.37536 2.38233 0.529406
-1.85292 5.37536 3.44114 0.529406
-1.85292 5.37536 3.97055 0.529406
-0.794109 5.37536 3.44114 0.529406
-0.264703 4.84595 3.44114 0.529406
-0.794109 4.84595 3.44114 0.529406
-5.02936 4.84595 0.794109 0.529406
-4.49995 4.84595 0.794109 0.529406
-5.55877 4.84595 1.32352 0.529406
-5.55877 4.84595 1.85292 0.529406
-4.49995 4.84595 1.32352 0.529406
-5.02936 4.84595 1.32352 0.529406
-5.02936 4.84595 1.85292 0.529406
-4.49995 4.84595 1.85292 0.529406
-5.55877 4.84595 2.38233 0.529406
-0.794109 6.96358 4.49995 0.529406
-0.794109 6.43417 4.49995 0.529406
-0.794109 6.43417 5.02936 0.529406
-0.264703 4.31655 0.264703 0.529406
-0.794109 4.31655 0.264703 0.529406
-0.794109 4.31655 0.794109 0.529406
-0.264703 4.31655 0.794109 0.529406
-0.264703 3.78714 0.264703 0.529406
-0.794109 3.78714 0.264703 0.529406
-0.794109 3.78714 0.794109 0.529406
-0.264703 3.78714 0.794109 0.529406
-1.32352 4.31655 0.264703 0.529406
-1.85292 4.31655 0.264703 0.529406
-1.85292 4.31655 0.794109 0.529406
-1.32352 4.31655 0.794109 0.529406
-1.32352 3.78714 0.264703 0.529406
-1.85292 3.78714 0.264703 0.529406
-1.85292 3.78714 0.794109 0.529406
-1.32352 3.78714 1.32352 0.529406
-1.85292 3.78714 1.85292 0.529406
-1.32352 3.78714 1.85292 0.529406
-0.794109 3.78714 1.32352 0.529406
-0.264703 3.25773 0.264703 0.529406
-0.794109 3.25773 0.264703 0.529406
-0.264703 3.25773 0.794109 0.529406
-0.264703 2.72833 0.264703 0.529406
-0.794109 2.72833 0.264703 0.529406
-1.32352 3.25773 0.264703 0.529406
-1.32352 3.25773 1.32352 0.529406
-1.85292 3.25773 1.32352 0.529406
-1.85292 3.25773 1.85292 0.529406
-1.32352 3.25773 1.85292 0.529406
-1.85292 2.72833 1.32352 0.529406
-1.85292 2.72833 1.85292 0.529406
-2.91173 4.31655 0.264703 0.529406
-2.91173 4.31655 0.794109 0.529406
-2.38233 4.31655 0.794109 0.529406
-2.91173 3.78714 0.794109 0.529406
-2.38233 3.78714 0.794109 0.529406
-3.44114 4.31655 0.264703 0.529406
-3.97055 4.31655 0.264703 0.529406
-3.97055 4.31655 0.794109 0.529406
-3.44114 4.31655 0.794109 0.529406
-3.97055 3.78714 0.264703 0.529406
-3.44114 3.78714 0.794109 0.529406
-3.97055 4.31655 1.32352 0.529406
-3.97055 4.31655 1.85292 0.529406
-3.44114 4.31655 1.85292 0.529406
-3.44114 3.78714 1.32352 0.529406
-3.97055 3.78714 1.32352 0.529406
-3.97055 3.78714 1.85292 0.529406
-3.44114 3.78714 1.85292 0.529406
-2.91173 3.78714 1.32352 0.529406
-2.91173 3.78714 1.85292 0.529406
-2.38233 3.78714 1.85292 0.529406
-2.38233 3.25773 0.264703 0.529406
-2.38233 3.25773 0.794109 0.529406
-2.38233 2.72833 0.264703 0.529406
-3.44114 3.25773 0.264703 0.529406
-3.97055 3.25773 0.264703 0.529406
-3.44114 2.72833 0.264703 0.529406
-3.44114 2.72833 0.794109 0.529406
-3.44114 3.25773 1.32352 0.529406
-3.97055 3.25773 1.32352 0.529406
-3.44114 3.25773 1.85292 0.529406
-3.44114 2.72833 1.32352 0.529406
-3.97055 2.72833 1.32352 0.529406
-2.91173 3.25773 1.32352 0.529406
-2.38233 2.72833 1.32352 0.529406
-2.38233 3.78714 2.38233 0.529406
-3.44114 4.31655 2.38233 0.529406
-3.97055 4.31655 2.38233 0.529406
-2.38233 3.25773 2.38233 0.529406
-1.85292 3.78714 2.38233 0.529406
-0.264703 4.31655 3.44114 0.529406
-0.264703 3.78714 3.44114 0.529406
-0.264703 2.72833 2.91173 0.529406
-1.85292 3.25773 2.38233 0.529406
-0.264703 3.25773 3.44114 0.529406
-0.264703 3.25773 3.97055 0.529406
-0.264703 1.66952 0.794109 0.529406
-1.32352 2.19892 1.32352 0.529406
-1.32352 2.19892 1.85292 0.529406
-0.264703 1.66952 1.32352 0.529406
-0.794109 1.66952 1.32352 0.529406
-0.264703 1.14011 0.794109 0.529406
-0.264703 0.610703 0.794109 0.529406
-1.32352 1.14011 1.85292 0.529406
-0.264703 1.14011 1.32352 0.529406
-0.794109 1.14011 1.32352 0.529406
-0.794109 1.14011 1.85292 0.529406
-0.794109 0.610703 1.85292 0.529406
-2.38233 2.19892 0.264703 0.529406
-2.38233 2.19892 0.794109 0.529406
-3.44114 2.19892 0.794109 0.529406
-3.44114 2.19892 1.32352 0.529406
-2.91173 2.19892 1.32352 0.529406
-2.38233 1.14011 2.91173 0.529406
-2.38233 1.14011 3.44114 0.529406
-2.38233 0.610703 3.44114 0.529406
-0.264703 2.19892 2.38233 0.529406
-0.794109 2.19892 2.38233 0.529406
-0.264703 2.19892 2.91173 0.529406
-1.85292 2.19892 2.91173 0.529406
-1.32352 1.66952 2.38233 0.529406
-1.85292 1.66952 2.91173 0.529406
-1.32352 1.14011 2.38233 0.529406
-1.85292 1.14011 2.91173 0.529406
-1.85292 0.610703 2.38233 0.529406
-1.85292 0.610703 2.91173 0.529406
-4.49995 4.31655 0.264703 0.529406
-5.02936 4.31655 0.264703 0.529406
-5.02936 4.31655 0.794109 0.529406
-4.49995 4.31655 0.794109 0.529406
-4.49995 3.78714 0.264703 0.529406
-5.02936 3.78714 0.264703 0.529406
-5.02936 3.78714 0.794109 0.529406
-5.55877 4.31655 0.794109 0.529406
-5.55877 3.78714 0.264703 0.529406
-6.08817 3.78714 0.794109 0.529406
-5.55877 3.78714 0.794109 0.529406
-5.55877 4.31655 1.85292 0.529406
-5.55877 3.78714 1.32352 0.529406
-6.08817 3.78714 1.32352 0.529406
-4.49995 4.31655 1.32352 0.529406
-5.02936 4.31655 1.32352 0.529406
-5.02936 4.31655 1.85292 0.529406
-4.49995 4.31655 1.85292 0.529406
-4.49995 3.78714 1.32352 0.529406
-5.02936 3.25773 0.794109 0.529406
-6.08817 3.25773 0.794109 0.529406
-5.55877 3.25773 0.794109 0.529406
-4.49995 3.25773 1.32352 0.529406
-5.02936 3.25773 1.32352 0.529406
5.55877 7.49298 0.264703 0.529406
5.55877 6.96358 0.794109 0.529406
5.02936 7.49298 0.264703 0.529406
4.49995 7.49298 0.264703 0.529406
4.49995 7.49298 0.794109 0.529406
5.02936 7.49298 0.794109 0.529406
5.02936 6.96358 0.264703 0.529406
4.49995 6.96358 0.794109 0.529406
5.02936 6.96358 0.794109 0.529406
4.49995 7.49298 1.32352 0.529406
5.02936 6.96358 1.32352 0.529406
4.49995 6.96358 1.32352 0.529406
5.55877 6.96358 1.32352 0.529406
5.55877 6.43417 0.264703 0.529406
5.55877 6.43417 0.794109 0.529406
5.55877 5.90477 0.264703 0.529406
5.55877 5.90477 0.794109 0.529406
5.02936 6.43417 0.264703 0.529406
5.02936 6.43417 0.794109 0.529406
4.49995 5.90477 0.264703 0.529406
4.49995 5.90477 0.794109 0.529406
5.02936 5.90477 0.794109 0.529406
5.02936 6.43417 1.32352 0.529406
4.49995 6.43417 1.32352 0.529406
4.49995 6.43417 1.85292 0.529406
5.02936 6.43417 1.85292 0.529406
4.49995 5.90477 1.32352 0.529406
5.55877 6.43417 1.85292 0.529406
5.55877 5.37536 0.794109 0.529406
6.08817 5.37536 0.794109 0.529406
6.08817 4.84595 0.264703 0.529406
5.55877 4.84595 0.264703 0.529406
5.55877 4.84595 0.794109 0.529406
6.08817 4.84595 0.794109 0.529406
5.02936 4.84595 0.264703 0.529406
4.49995 4.84595 0.264703 0.529406
4.49995 4.84595 0.794109 0.529406
5.02936 4.84595 0.794109 0.529406
5.02936 5.37536 1.32352 0.529406
4.49995 5.37536 1.32352 0.529406
5.02936 5.37536 1.85292 0.529406
5.02936 4.84595 1.32352 0.529406
4.49995 4.84595 1.32352 0.529406
5.02936 4.84595 1.85292 0.529406
6.08817 5.37536 1.32352 0.529406
5.55877 5.37536 1.32352 0.529406
6.08817 4.84595 1.32352 0.529406
5.55877 4.84595 1.32352 0.529406
5.55877 4.84595 1.85292 0.529406
5.02936 6.43417 2.38233 0.529406
4.49995 6.43417 2.38233 0.529406
4.49995 6.43417 2.91173 0.529406
5.02936 5.90477 2.38233 0.529406
4.49995 5.90477 2.38233 0.529406
4.49995 5.90477 2.91173 0.529406
4.49995 6.43417 3.44114 0.529406
4.49995 6.43417 3.97055 0.529406
5.02936 6.43417 3.97055 0.529406
4.49995 5.90477 3.44114 0.529406
4.49995 5.90477 3.97055 0.529406
5.02936 5.90477 3.97055 0.529406
5.55877 5.90477 3.97055 0.529406
3.97055 8.02239 0.794109 0.529406
3.97055 7.49298 0.264703 0.529406
3.97055 7.49298 0.794109 0.529406
3.97055 6.96358 0.794109 0.529406
0.264703 8.5518 0.264703 0.529406
0.794109 8.02239 0.264703 0.529406
0.264703 8.02239 0.264703 0.529406
0.264703 8.02239 0.794109 0.529406
0.794109 8.02239 0.794109 0.529406
0.794109 8.02239 1.32352 0.529406
0.264703 8.02239 1.32352 0.529406
0.264703 8.02239 1.85292 0.529406
0.794109 8.02239 1.85292 0.529406
1.32352 7.49298 0.794109 0.529406
0.794109 7.49298 0.264703 0.529406
0.264703 7.49298 0.264703 0.529406
0.264703 7.49298 0.794109 0.529406
0.794109 7.49298 0.794109 0.529406
0.794109 6.96358 0.264703 0.529406
0.264703 6.96358 0.264703 0.529406
0.264703 6.96358 0.794109 0.529406
0.794109 7.49298 1.32352 0.529406
0.264703 7.49298 1.32352 0.529406
0.264703 7.49298 1.85292 0.529406
0.794109 7.49298 1.85292 0.529406
0.794109 6.96358 1.32352 0.529406
1.32352 7.49298 1.32352 0.529406
0.264703 7.49298 2.38233 0.529406
0.264703 7.49298 2.91173 0.529406
0.264703 6.96358 2.38233 0.529406
0.264703 6.96358 2.91173 0.529406
0.794109 6.96358 2.91173 0.529406
0.264703 6.96358 3.44114 0.529406
3.97055 6.96358 2.38233 0.529406
3.97055 6.96358 2.91173 0.529406
2.91173 6.96358 2.91173 0.529406
2.91173 6.96358 3.44114 0.529406
3.44114 5.90477 0.794109 0.529406
3.97055 5.90477 0.794109 0.529406
2.91173 5.90477 1.85292 0.529406
3.44114 5.90477 1.85292 0.529406
3.97055 5.90477 1.85292 0.529406
3.44114 5.37536 0.264703 0.529406
3.44114 5.37536 0.794109 0.529406
3.97055 4.84595 0.264703 0.529406
2.91173 4.84595 0.264703 0.529406
2.38233 4.84595 0.264703 0.529406
2.38233 4.84595 0.794109 0.529406
0.264703 6.43417 0.264703 0.529406
1.85292 5.37536 0.264703 0.529406
1.85292 4.84595 0.264703 0.529406
1.32352 4.84595 0.264703 0.529406
1.32352 4.84595 0.794109 0.529406
1.85292 4.84595 0.794109 0.529406
0.794109 4.84595 0.264703 0.529406
0.794109 4.84595 0.794109 0.529406
1.32352 4.84595 1.32352 0.529406
1.85292 5.90477 2.91173 0.529406
0.264703 6.43417 2.38233 0.529406
1.85292 6.43417 3.44114 0.529406
1.32352 6.43417 3.97055 0.529406
1.85292 5.90477 3.44114 0.529406
1.32352 5.90477 3.44114 0.529406
1.32352 5.90477 3.97055 0.529406
1.85292 5.90477 3.97055 0.529406
1.85292 4.84595 2.38233 0.529406
0.794109 4.84595 2.91173 0.529406
1.85292 5.37536 3.44114 0.529406
1.32352 5.37536 3.44114 0.529406
1.32352 5.37536 3.97055 0.529406
1.85292 5.37536 3.97055 0.529406
1.85292 4.84595 3.44114 0.529406
1.32352 4.84595 3.44114 0.529406
3.97055 6.43417 2.38233 0.529406
3.44114 6.43417 2.38233 0.529406
3.44114 6.43417 2.91173 0.529406
3.97055 6.43417 2.91173 0.529406
3.97055 5.90477 2.38233 0.529406
3.44114 5.90477 2.38233 0.529406
3.44114 5.90477 2.91173 0.529406
3.97055 5.90477 2.91173 0.529406
2.91173 6.43417 2.38233 0.529406
2.91173 6.43417 2.91173 0.529406
2.91173 5.90477 2.38233 0.529406
2.38233 5.90477 2.91173 0.529406
2.91173 5.90477 2.91173 0.529406
2.91173 6.43417 3.44114 0.529406
2.38233 6.43417 3.44114 0.529406
2.38233 6.43417 3.97055 0.529406
2.91173 5.90477 3.44114 0.529406
2.38233 5.90477 3.44114 0.529406
2.38233 5.90477 3.97055 0.529406
2.91173 5.90477 3.97055 0.529406
3.97055 6.43417 3.44114 0.529406
3.44114 6.43417 3.44114 0.529406
3.97055 6.43417 3.97055 0.529406
3.97055 5.90477 3.44114 0.529406
3.44114 5.90477 3.97055 0.529406
3.97055 5.90477 3.97055 0.529406
3.97055 5.37536 2.38233 0.529406
3.44114 5.37536 2.38233 0.529406
3.44114 5.37536 2.91173 0.529406
2.91173 5.37536 2.38233 0.529406
2.91173 5.37536 3.44114 0.529406
2.38233 5.37536 3.44114 0.529406
2.38233 5.37536 3.97055 0.529406
2.91173 5.37536 3.97055 0.529406
2.91173 4.84595 3.44114 0.529406
2.38233 4.84595 3.44114 0.529406
2.38233 4.84595 3.97055 0.529406
2.91173 4.84595 3.97055 0.529406
3.44114 5.37536 3.97055 0.529406
3.97055 5.37536 3.97055 0.529406
3.44114 4.84595 3.44114 0.529406
3.44114 4.84595 3.97055 0.529406
3.97055 4.84595 3.97055 0.529406
3.97055 6.43417 4.49995 0.529406
3.44114 6.43417 4.49995 0.529406
3.97055 6.43417 5.02936 0.529406
3.97055 5.90477 4.49995 0.529406
3.44114 5.90477 4.49995 0.529406
3.97055 5.90477 5.02936 0.529406
2.38233 6.43417 4.49995 0.529406
2.91173 5.90477 4.49995 0.529406
2.38233 5.90477 4.49995 0.529406
2.38233 5.90477 5.02936 0.529406
3.97055 6.43417 5.55877 0.529406
3.97055 5.90477 5.55877 0.529406
3.97055 5.37536 4.49995 0.529406
3.97055 5.37536 5.02936 0.529406
3.97055 4.84595 4.49995 0.529406
2.91173 5.37536 4.49995 0.529406
2.38233 5.37536 5.02936 0.529406
2.91173 5.37536 5.02936 0.529406
2.91173 4.84595 4.49995 0.529406
2.38233 4.84595 5.02936 0.529406
2.91173 4.84595 5.02936 0.529406
1.32352 6.43417 4.49995 0.529406
1.85292 6.43417 5.02936 0.529406
1.85292 5.90477 4.49995 0.529406
1.32352 5.90477 4.49995 0.529406
1.32352 5.90477 5.02936 0.529406
1.85292 5.90477 5.02936 0.529406
0.794109 5.90477 5.02936 0.529406
1.85292 6.43417 5.55877 0.529406
1.85292 6.43417 6.08817 0.529406
1.85292 5.90477 5.55877 0.529406
1.32352 5.90477 5.55877 0.529406
1.32352 5.90477 6.08817 0.529406
1.85292 5.37536 4.49995 0.529406
1.32352 5.37536 4.49995 0.529406
1.32352 5.37536 5.02936 0.529406
1.85292 5.37536 5.02936 0.529406
1.85292 4.84595 4.49995 0.529406
1.32352 4.84595 4.49995 0.529406
0.794109 5.37536 4.49995 0.529406
0.264703 5.37536 5.02936 0.529406
0.794109 5.37536 5.02936 0.529406
0.794109 5.37536 5.55877 0.529406
0.264703 5.37536 5.55877 0.529406
1.85292 5.37536 5.55877 0.529406
1.32352 5.37536 5.55877 0.529406
5.55877 6.43417 4.49995 0.529406
5.02936 6.43417 4.49995 0.529406
4.49995 6.43417 4.49995 0.529406
5.02936 5.90477 4.49995 0.529406
4.49995 5.90477 4.49995 0.529406
4.49995 5.90477 5.02936 0.529406
4.49995 5.37536 4.49995 0.529406
4.49995 5.37536 5.02936 0.529406
6.08817 4.31655 0.264703 0.529406
5.55877 4.31655 0.264703 0.529406
5.55877 4.31655 0.794109 0.529406
6.08817 4.31655 0.794109 0.529406
6.08817 3.78714 0.264703 0.529406
5.55877 3.78714 0.794109 0.529406
6.08817 3.78714 0.794109 0.529406
5.02936 4.31655 0.264703 0.529406
4.49995 4.31655 0.264703 0.529406
4.49995 4.31655 0.794109 0.529406
4.49995 3.78714 0.264703 0.529406
4.49995 3.78714 0.794109 0.529406
5.02936 4.31655 1.32352 0.529406
4.49995 4.31655 1.85292 0.529406
5.02936 4.31655 1.85292 0.529406
4.49995 3.78714 1.85292 0.529406
6.08817 4.31655 1.32352 0.529406
5.55877 4.31655 1.32352 0.529406
5.55877 4.31655 1.85292 0.529406
6.08817 4.31655 1.85292 0.529406
5.55877 3.78714 1.32352 0.529406
6.08817 3.25773 0.264703 0.529406
5.55877 3.25773 0.264703 0.529406
4.49995 3.25773 0.794109 0.529406
5.02936 3.25773 1.32352 0.529406
4.49995 3.25773 1.32352 0.529406
4.49995 3.25773 1.85292 0.529406
5.02936 3.25773 1.85292 0.529406
5.02936 2.72833 1.32352 0.529406
4.49995 2.72833 1.32352 0.529406
4.49995 2.72833 1.85292 0.529406
5.02936 2.72833 1.85292 0.529406
5.55877 3.25773 1.85292 0.529406
5.55877 2.72833 1.85292 0.529406
5.02936 4.31655 2.38233 0.529406
4.49995 3.78714 2.38233 0.529406
4.49995 3.78714 2.91173 0.529406
5.55877 3.25773 2.38233 0.529406
6.08817 2.72833 2.38233 0.529406
5.55877 2.72833 2.38233 0.529406
5.55877 2.72833 2.91173 0.529406
5.02936 3.25773 2.38233 0.529406
4.49995 3.25773 2.38233 0.529406
4.49995 3.25773 2.91173 0.529406
5.02936 3.25773 2.91173 0.529406
5.02936 2.72833 2.38233 0.529406
4.49995 2.72833 2.38233 0.529406
4.49995 2.72833 2.91173 0.529406
5.02936 2.72833 2.91173 0.529406
5.02936 2.72833 3.44114 0.529406
4.49995 2.72833 3.44114 0.529406
4.49995 2.19892 1.85292 0.529406
4.49995 1.66952 1.85292 0.529406
4.49995 2.19892 2.38233 0.529406
5.02936 2.19892 2.91173 0.529406
4.49995 1.66952 2.38233 0.529406
4.49995 1.66952 2.91173 0.529406
5.02936 1.66952 2.91173 0.529406
5.02936 2.19892 3.44114 0.529406
4.49995 2.19892 3.44114 0.529406
5.02936 2.19892 3.97055 0.529406
5.55877 2.19892 3.44114 0.529406
5.55877 2.19892 3.97055 0.529406
3.97055 4.31655 0.264703 0.529406
3.97055 4.31655 0.794109 0.529406
3.97055 3.78714 0.264703 0.529406
3.44114 3.78714 0.264703 0.529406
3.44114 3.78714 0.794109 0.529406
3.97055 3.78714 0.794109 0.529406
2.91173 4.31655 0.264703 0.529406
2.91173 3.78714 0.264703 0.529406
2.38233 3.78714 0.794109 0.529406
2.91173 3.78714 1.32352 0.529406
2.38233 3.78714 1.85292 0.529406
2.91173 3.78714 1.85292 0.529406
3.97055 4.31655 1.85292 0.529406
3.44114 3.78714 1.32352 0.529406
3.44114 3.78714 1.85292 0.529406
3.97055 3.78714 1.85292 0.529406
3.97055 3.25773 0.264703 0.529406
3.44114 3.25773 0.264703 0.529406
3.97055 3.25773 0.794109 0.529406
3.97055 2.72833 0.264703 0.529406
2.38233 3.25773 0.794109 0.529406
2.91173 2.72833 0.264703 0.529406
2.38233 2.72833 0.794109 0.529406
2.38233 2.72833 1.32352 0.529406
3.97055 3.25773 1.32352 0.529406
3.44114 3.25773 1.32352 0.529406
3.44114 3.25773 1.85292 0.529406
3.97055 3.25773 1.85292 0.529406
3.97055 2.72833 1.32352 0.529406
1.85292 4.31655 0.264703 0.529406
1.32352 4.31655 0.264703 0.529406
1.32352 4.31655 0.794109 0.529406
1.85292 4.31655 0.794109 0.529406
0.264703 4.31655 0.264703 0.529406
0.794109 3.78714 0.264703 0.529406
0.264703 3.78714 0.264703 0.529406
0.264703 3.78714 0.794109 0.529406
0.794109 3.78714 0.794109 0.529406
1.85292 4.31655 1.32352 0.529406
1.32352 4.31655 1.32352 0.529406
1.85292 3.78714 1.85292 0.529406
1.85292 2.72833 0.794109 0.529406
0.794109 3.25773 0.264703 0.529406
0.264703 3.25773 0.264703 0.529406
0.264703 3.25773 0.794109 0.529406
1.85292 3.25773 1.85292 0.529406
1.85292 2.72833 1.32352 0.529406
1.85292 2.72833 1.85292 0.529406
1.85292 4.31655 2.38233 0.529406
1.85292 3.78714 2.38233 0.529406
1.32352 3.78714 2.91173 0.529406
1.85292 3.78714 2.91173 0.529406
1.32352 4.31655 3.44114 0.529406
1.85292 3.78714 3.44114 0.529406
1.85292 3.78714 3.97055 0.529406
1.85292 2.72833 2.38233 0.529406
1.85292 2.72833 2.91173 0.529406
1.32352 3.25773 3.44114 0.529406
3.97055 4.31655 2.38233 0.529406
3.97055 3.78714 2.38233 0.529406
3.44114 3.78714 2.38233 0.529406
3.97055 3.78714 2.91173 0.529406
2.38233 3.78714 2.38233 0.529406
2.38233 4.31655 3.97055 0.529406
2.91173 3.78714 3.44114 0.529406
2.38233 3.78714 3.97055 0.529406
2.91173 3.78714 3.97055 0.529406
3.44114 4.31655 3.44114 0.529406
3.44114 4.31655 3.97055 0.529406
3.97055 3.25773 2.38233 0.529406
3.44114 3.25773 2.38233 0.529406
3.97055 3.25773 2.91173 0.529406
3.97055 2.72833 2.38233 0.529406
3.44114 2.72833 2.38233 0.529406
3.44114 2.72833 2.91173 0.529406
3.97055 2.72833 2.91173 0.529406
3.97055 2.72833 3.44114 0.529406
3.44114 2.72833 3.44114 0.529406
3.44114 2.19892 0.264703 0.529406
3.44114 2.19892 0.794109 0.529406
3.97055 2.19892 0.794109 0.529406
3.97055 1.66952 0.794109 0.529406
2.91173 2.19892 0.264703 0.529406
2.91173 1.66952 0.264703 0.529406
2.38233 1.66952 0.264703 0.529406
3.97055 2.19892 1.85292 0.529406
3.97055 1.66952 1.32352 0.529406
3.97055 1.66952 1.85292 0.529406
2.38233 1.14011 0.794109 0.529406
2.38233 0.610703 0.264703 0.529406
2.38233 0.610703 0.794109 0.529406
1.32352 2.19892 0.264703 0.529406
1.85292 2.19892 0.794109 0.529406
1.85292 1.66952 0.264703 0.529406
1.32352 1.66952 0.264703 0.529406
1.85292 1.66952 0.794109 0.529406
0.264703 2.19892 0.264703 0.529406
1.85292 1.14011 0.264703 0.529406
1.85292 0.610703 0.264703 0.529406
1.32352 0.610703 0.264703 0.529406
0.264703 1.14011 0.794109 0.529406
0.794109 0.610703 0.264703 0.529406
0.264703 0.610703 0.264703 0.529406
0.264703 0.610703 0.794109 0.529406
0.794109 0.610703 0.794109 0.529406
2.38233 4.31655 4.49995 0.529406
1.85292 4.31655 4.49995 0.529406
1.85292 -0.44811 -0.264703 0.529406
1.85292 -0.977516 -0.264703 0.529406
1.85292 -1.50692 -0.264703 0.529406
2.38233 -1.50692 -0.264703 0.529406
1.85292 -2.03633 -0.264703 0.529406
1.85292 -2.56573 -0.264703 0.529406
1.85292 -3.09514 -0.264703 0.529406
1.85292 -3.62455 -0.264703 0.529406
2.38233 -3.09514 -0.264703 0.529406
2.38233 -3.62455 -0.264703 0.529406
1.85292 -4.15395 -0.794109 0.529406
1.85292 -4.15395 -0.264703 0.529406
1.85292 -4.68336 -0.794109 0.529406
1.85292 -5.74217 -0.794109 0.529406
2.38233 -4.15395 -0.264703 0.529406
2.38233 -4.68336 -0.794109 0.529406
2.38233 -4.68336 -0.264703 0.529406
2.38233 -5.21277 -0.794109 0.529406
2.38233 -5.21277 -0.264703 0.529406
2.38233 -5.74217 -0.794109 0.529406
2.38233 -5.74217 -0.264703 0.529406
1.85292 -6.80098 -0.794109 0.529406
2.38233 -6.27158 -0.794109 0.529406
2.38233 -6.27158 -0.264703 0.529406
2.38233 -6.80098 -0.794109 0.529406
2.38233 -6.80098 -0.264703 0.529406
2.38233 -7.33039 -0.794109 0.529406
2.38233 -7.33039 -0.264703 0.529406
2.38233 -7.8598 -0.794109 0.529406
2.38233 -7.8598 -0.264703 0.529406
1.85292 0.0812966 0.264703 0.529406
1.32352 0.0812966 0.264703 0.529406
1.85292 -0.44811 0.264703 0.529406
1.85292 -0.977516 0.264703 0.529406
1.85292 -1.50692 0.264703 0.529406
