.\model\cherry_leaf.txt
1
0.8 0.8 0.1
147
0 1 2 1 2 2.1675 -8.1245 -0.714 1.43331 0.739938 0.300684 0.173205
1 2 2 3 4 1.43331 0.739938 0.300684 1.44713 1.52055 0.207823 0.15748
2 2 2 5 6 1.43331 0.739938 0.300684 -0.989523 1.93566 1.74457 0.072111
3 3 2 7 8 1.44713 1.52055 0.207823 1.38678 2.07615 -0.00635842 0.121655
4 3 2 9 10 1.44713 1.52055 0.207823 2.45081 2.29099 0.732629 0.1
5 3 2 11 12 -0.989523 1.93566 1.74457 -1.12833 2.07672 1.77349 0.069282
6 3 0 -0.989523 1.93566 1.74457 -1.77655 1.2089 2.63969 0.02
7 4 2 13 14 1.38678 2.07615 -0.00635842 1.28346 2.42177 -0.178873 0.10198
8 4 2 15 16 1.38678 2.07615 -0.00635842 2.51293 3.22785 -1.93198 0.0663325
9 4 2 17 18 2.45081 2.29099 0.732629 2.73306 2.51751 0.902859 0.0824621
10 4 2 19 20 2.45081 2.29099 0.732629 2.12757 2.91226 1.41043 0.0565685
11 4 2 21 22 -1.12833 2.07672 1.77349 -1.70858 2.60857 1.6508 0.0632456
12 4 2 23 24 -1.12833 2.07672 1.77349 -0.638814 3.61982 2.74711 0.0282843
13 5 2 25 26 1.28346 2.42177 -0.178873 1.16203 2.78797 -0.283629 0.0916515
14 5 2 27 28 1.28346 2.42177 -0.178873 -1.51102 4.14776 0.178923 0.0447214
15 5 2 29 30 2.51293 3.22785 -1.93198 2.68904 3.6256 -2.59808 0.052915
16 5 2 31 32 2.51293 3.22785 -1.93198 4.21152 3.72397 -2.50554 0.04
17 5 3 33 34 35 2.73306 2.51751 0.902859 3.34134 2.86699 1.28289 0.0663325
18 5 2 36 37 2.73306 2.51751 0.902859 4.28983 3.91962 -0.105425 0.0489898
19 5 2 38 39 2.12757 2.91226 1.41043 2.07773 3.54231 2.17022 0.052915
20 5 0 2.12757 2.91226 1.41043 1.96753 3.59184 1.14836 0.02
21 5 2 40 41 -1.70858 2.60857 1.6508 -2.18927 2.93025 1.49512 0.052915
22 5 2 42 43 -1.70858 2.60857 1.6508 -2.16807 5.54511 2.58874 0.034641
23 5 0 -0.638814 3.61982 2.74711 -0.7486 6.62859 4.02766 0.02
24 5 0 -0.638814 3.61982 2.74711 -0.575042 3.58301 2.93306 0.02
25 6 2 44 45 1.16203 2.78797 -0.283629 1.00196 3.36147 -0.349657 0.0748331
26 6 2 46 47 1.16203 2.78797 -0.283629 0.586403 3.08774 -1.20269 0.052915
27 6 2 48 49 -1.51102 4.14776 0.178923 -1.70129 4.20162 0.149004 0.04
28 6 0 -1.51102 4.14776 0.178923 -1.45395 4.40146 0.249251 0.02
29 6 2 50 51 2.68904 3.6256 -2.59808 2.72137 3.76462 -2.97148 0.0489898
30 6 0 2.68904 3.6256 -2.59808 4.27767 6.20735 -2.94852 0.02
31 6 2 52 53 4.21152 3.72397 -2.50554 4.36675 3.83365 -2.56778 0.034641
32 6 0 4.21152 3.72397 -2.50554 4.33234 3.66639 -2.35693 0.02
33 6 2 54 55 3.34134 2.86699 1.28289 3.49491 2.92759 1.39578 0.06
34 6 0 3.34134 2.86699 1.28289 4.7169 2.15143 3.09326 0.02
35 6 0 3.34134 2.86699 1.28289 3.26645 3.04942 1.31619 0.02
36 6 2 56 57 4.28983 3.91962 -0.105425 4.43906 4.02208 -0.190478 0.0447214
37 6 0 4.28983 3.91962 -0.105425 4.20122 3.96398 -0.636124 0.02
38 6 2 58 59 2.07773 3.54231 2.17022 2.23799 4.42965 2.9576 0.0489898
39 6 0 2.07773 3.54231 2.17022 1.12909 5.53228 5.20264 0.02
40 6 3 60 61 62 -2.18927 2.93025 1.49512 -3.84921 3.94624 1.06326 0.0447214
41 6 2 63 64 -2.18927 2.93025 1.49512 -2.71371 2.76508 0.779427 0.0282843
42 6 2 65 66 -2.16807 5.54511 2.58874 -2.21257 5.73631 2.62702 0.0282843
43 6 0 -2.16807 5.54511 2.58874 -1.99588 5.59365 2.49932 0.02
44 7 2 67 68 1.00196 3.36147 -0.349657 0.779294 4.1229 -0.286749 0.06
45 7 2 69 70 1.00196 3.36147 -0.349657 2.5885 4.75169 -0.697092 0.0447214
46 7 2 71 72 0.586403 3.08774 -1.20269 0.499371 3.21739 -1.32765 0.0447214
47 7 2 73 74 0.586403 3.08774 -1.20269 0.505195 2.94381 -1.31534 0.0282843
48 7 2 75 76 -1.70129 4.20162 0.149004 -3.28016 4.07233 -0.610449 0.034641
49 7 0 -1.70129 4.20162 0.149004 -2.86488 6.92563 1.70577 0.02
50 7 2 77 78 2.72137 3.76462 -2.97148 2.72794 3.81109 -3.1659 0.0447214
51 7 0 2.72137 3.76462 -2.97148 2.15467 4.7581 -3.9983 0.02
52 7 2 79 80 4.36675 3.83365 -2.56778 5.14301 4.41795 -2.79524 0.0282843
53 7 0 4.36675 3.83365 -2.56778 4.43557 3.70731 -2.91937 0.02
54 7 2 81 82 3.49491 2.92759 1.39578 3.96417 3.0893 1.73241 0.0489898
55 7 2 83 84 3.49491 2.92759 1.39578 4.29993 4.67532 1.46296 0.034641
56 7 2 85 86 4.43906 4.02208 -0.190478 4.5865 4.1253 -0.277691 0.04
57 7 0 4.43906 4.02208 -0.190478 4.97559 6.86239 0.0523925 0.02
58 7 2 87 88 2.23799 4.42965 2.9576 2.4486 5.20128 3.55635 0.04
59 7 2 89 90 2.23799 4.42965 2.9576 2.84036 4.43876 3.63532 0.0282843
60 7 2 91 92 -3.84921 3.94624 1.06326 -4.03181 4.02753 1.05625 0.034641
61 7 0 -3.84921 3.94624 1.06326 -3.86895 4.32492 1.50362 0.02
62 7 0 -3.84921 3.94624 1.06326 -4.32938 4.1972 0.331341 0.02
63 7 0 -2.71371 2.76508 0.779427 -4.30263 3.20125 -0.655435 0.02
64 7 0 -2.71371 2.76508 0.779427 -2.87777 2.71853 0.883915 0.02
65 7 0 -2.21257 5.73631 2.62702 -2.41485 6.6877 2.53516 0.02
66 7 0 -2.21257 5.73631 2.62702 -2.38525 5.62314 3.18407 0.02
67 8 2 93 94 0.779294 4.1229 -0.286749 0.723066 4.31477 -0.291759 0.0565685
68 8 0 0.779294 4.1229 -0.286749 3.14108 6.23895 2.38559 0.02
69 8 2 95 96 2.5885 4.75169 -0.697092 2.77164 5.08522 -0.819965 0.04
70 8 0 2.5885 4.75169 -0.697092 4.0894 7.03881 0.394091 0.02
71 8 2 97 98 0.499371 3.21739 -1.32765 0.34821 3.49134 -1.57655 0.04
72 8 0 0.499371 3.21739 -1.32765 0.668702 3.21423 -1.43403 0.02
73 8 0 0.505195 2.94381 -1.31534 1.02791 3.36678 -4.74063 0.02
74 8 0 0.505195 2.94381 -1.31534 0.327674 2.96777 -1.22639 0.02
75 8 2 99 100 -3.28016 4.07233 -0.610449 -3.6419 4.02582 -0.774526 0.0282843
76 8 0 -3.28016 4.07233 -0.610449 -3.21135 3.92189 -0.722845 0.02
77 8 2 101 102 2.72794 3.81109 -3.1659 2.77532 3.85412 -3.76177 0.04
78 8 0 2.72794 3.81109 -3.1659 2.59775 3.00159 -3.66789 0.02
79 8 0 5.14301 4.41795 -2.79524 5.48998 4.52014 -2.89403 0.02
80 8 0 5.14301 4.41795 -2.79524 5.07717 4.41647 -2.98409 0.02
81 8 2 103 104 3.96417 3.0893 1.73241 4.2927 3.17033 1.94515 0.0447214
82 8 0 3.96417 3.0893 1.73241 4.22053 2.77287 2.75641 0.02
83 8 2 105 106 4.29993 4.67532 1.46296 4.5557 6.39263 1.89477 0.0282843
84 8 0 4.29993 4.67532 1.46296 5.25467 6.17814 0.893465 0.02
85 8 2 107 108 4.5865 4.1253 -0.277691 4.86108 4.34209 -0.471156 0.034641
86 8 0 4.5865 4.1253 -0.277691 5.27256 3.9601 -0.00962731 0.02
87 8 2 109 110 2.4486 5.20128 3.55635 2.51161 5.34294 3.68269 0.034641
88 8 0 2.4486 5.20128 3.55635 1.70941 5.89671 5.10928 0.02
89 8 0 2.84036 4.43876 3.63532 4.74063 5.76402 4.15263 0.02
90 8 0 2.84036 4.43876 3.63532 2.73149 4.74795 4.47462 0.02
91 8 2 111 112 -4.03181 4.02753 1.05625 -5.17675 4.25192 1.1887 0.0282843
92 8 0 -4.03181 4.02753 1.05625 -4.09547 3.85218 1.12835 0.02
93 9 2 113 114 0.723066 4.31477 -0.291759 1.00855 5.57101 -1.89422 0.0282843
94 9 2 115 116 0.723066 4.31477 -0.291759 0.187498 4.72932 -0.00855826 0.0489898
95 9 2 117 118 2.77164 5.08522 -0.819965 3.295 6.28267 -1.31609 0.034641
96 9 0 2.77164 5.08522 -0.819965 4.56415 6.1658 -1.92943 0.02
97 9 2 119 120 0.34821 3.49134 -1.57655 0.31092 4.1328 -2.31951 0.0282843
98 9 2 121 122 0.34821 3.49134 -1.57655 -0.509225 3.84067 -1.66247 0.0282843
99 9 0 -3.6419 4.02582 -0.774526 -4.20961 4.11411 -0.666104 0.02
100 9 0 -3.6419 4.02582 -0.774526 -3.63289 3.88566 -0.916906 0.02
101 9 2 123 124 2.77532 3.85412 -3.76177 2.79986 3.86036 -3.96016 0.034641
102 9 0 2.77532 3.85412 -3.76177 3.90325 3.82496 -4.27576 0.02
103 9 2 125 126 4.2927 3.17033 1.94515 4.62535 3.16648 2.16563 0.04
104 9 0 4.2927 3.17033 1.94515 4.22751 3.33218 2.04291 0.02
105 9 0 4.5557 6.39263 1.89477 4.55211 6.39847 2.59595 0.02
106 9 0 4.5557 6.39263 1.89477 4.66533 6.6326 1.59591 0.02
107 9 2 127 128 4.86108 4.34209 -0.471156 5.10671 4.63288 -0.923297 0.0282843
108 9 0 4.86108 4.34209 -0.471156 5.37541 4.68648 0.00365737 0.02
109 9 2 129 130 2.51161 5.34294 3.68269 2.70385 5.59131 3.92574 0.0282843
110 9 0 2.51161 5.34294 3.68269 3.41417 5.90267 3.34028 0.02
111 9 0 -5.17675 4.25192 1.1887 -5.63223 4.02888 1.19982 0.02
112 9 0 -5.17675 4.25192 1.1887 -5.13912 4.38858 1.3298 0.02
113 10 0 1.00855 5.57101 -1.89422 2.78875 7.15519 -2.8316 0.02
114 10 0 1.00855 5.57101 -1.89422 0.875543 5.55691 -2.04292 0.02
115 10 2 131 132 0.187498 4.72932 -0.00855826 -0.0767794 6.5349 0.788304 0.0447214
116 10 0 0.187498 4.72932 -0.00855826 -0.141032 4.76768 -0.228652 0.02
117 10 2 133 134 3.295 6.28267 -1.31609 3.42523 6.6148 -1.4962 0.0282843
118 10 0 3.295 6.28267 -1.31609 2.72374 7.23379 -1.16589 0.02
119 10 0 0.31092 4.1328 -2.31951 1.0083 4.57008 -3.63523 0.02
120 10 0 0.31092 4.1328 -2.31951 0.0164104 4.31461 -2.48483 0.02
121 10 0 -0.509225 3.84067 -1.66247 -0.753436 4.0106 -1.92668 0.02
122 10 0 -0.509225 3.84067 -1.66247 -0.649737 3.84044 -1.52015 0.02
123 10 2 135 136 2.79986 3.86036 -3.96016 2.94754 3.899 -4.94768 0.0282843
124 10 0 2.79986 3.86036 -3.96016 2.10642 3.89207 -4.93744 0.02
125 10 2 137 138 4.62535 3.16648 2.16563 4.7779 3.12321 2.28752 0.034641
126 10 0 4.62535 3.16648 2.16563 5.64744 4.31824 1.33624 0.02
127 10 0 5.10671 4.63288 -0.923297 5.27769 5.51778 -1.94073 0.02
128 10 0 5.10671 4.63288 -0.923297 5.19052 4.316 -1.12177 0.02
129 10 0 2.70385 5.59131 3.92574 4.3026 6.12357 4.49326 0.02
130 10 0 2.70385 5.59131 3.92574 2.59883 5.52837 4.5056 0.02
131 11 2 139 140 -0.0767794 6.5349 0.788304 -0.0915615 6.70964 0.884454 0.04
132 11 0 -0.0767794 6.5349 0.788304 0.0839682 6.86321 2.53299 0.02
133 11 0 3.42523 6.6148 -1.4962 3.96518 7.31057 -2.28845 0.02
134 11 0 3.42523 6.6148 -1.4962 3.9775 6.68284 -1.34489 0.02
135 11 0 2.94754 3.899 -4.94768 2.97871 3.44377 -5.45058 0.02
136 11 0 2.94754 3.899 -4.94768 3.3036 4.04387 -5.04157 0.02
137 11 2 141 142 4.7779 3.12321 2.28752 4.97173 2.94954 2.57537 0.0282843
138 11 0 4.7779 3.12321 2.28752 4.87171 3.04109 2.13113 0.02
139 12 2 143 144 -0.0915615 6.70964 0.884454 -0.122749 7.05292 1.08728 0.034641
140 12 0 -0.0915615 6.70964 0.884454 0.190383 8.00289 0.108508 0.02
141 12 0 4.97173 2.94954 2.57537 5.15895 2.61379 3.0358 0.02
142 12 0 4.97173 2.94954 2.57537 5.15663 2.94023 2.49969 0.02
143 13 2 145 146 -0.122749 7.05292 1.08728 -0.158401 7.19564 1.22279 0.0282843
144 13 0 -0.122749 7.05292 1.08728 -0.959954 7.64622 1.32951 0.02
145 14 0 -0.158401 7.19564 1.22279 -0.560751 7.52361 2.50129 0.02
146 14 0 -0.158401 7.19564 1.22279 0.365916 7.44653 1.20064 0.02
