1474
-1.293500 0.317000 -2.786500
-0.842500 0.884000 -2.805500
-1.409500 0.916000 -2.751500
-0.448500 0.618000 -2.871500
-0.589500 0.997000 -2.819500
-0.659500 1.023000 -2.821500
1.194500 -0.228000 -2.760500
0.244500 0.041000 -2.781500
0.402500 0.126000 -2.790500
0.988500 0.486000 -3.001500
0.947500 0.506000 -2.809500
0.888500 0.514000 -2.771500
1.184500 0.529000 -2.988500
0.635500 0.536000 -2.811500
1.207500 0.548000 -2.829500
0.565500 0.826000 -2.750500
-2.055500 0.053000 -1.998500
-2.102500 0.167000 -2.261500
-2.064500 0.278000 -2.449500
-2.042500 0.304000 -2.174500
-2.022500 0.433000 -1.931500
-1.923500 0.502000 -1.976500
-1.941500 0.541000 -2.247500
-2.339500 0.878000 -1.856500
-2.048500 0.893000 -2.349500
-2.066500 0.941000 -2.206500
-2.333500 0.944000 -1.905500
-2.038500 0.967000 -2.503500
-1.801500 1.041000 -2.222500
-2.102500 1.074000 -1.917500
-2.006500 1.143000 -1.846500
-1.877500 1.286000 -1.921500
-0.925500 -0.900000 -2.449500
-0.950500 -0.890000 -2.363500
-0.861500 -0.225000 -1.896500
-1.041500 0.389000 -2.065500
-1.575500 0.436000 -2.585500
-1.529500 0.463000 -2.579500
-1.352500 0.463000 -2.307500
-0.808500 0.517000 -2.076500
-1.208500 0.715000 -1.760500
-1.160500 0.722000 -1.797500
-1.666500 0.729000 -2.554500
-0.946500 0.734000 -2.554500
-1.750500 0.750000 -2.484500
-1.230500 0.755000 -2.046500
-1.276500 0.777000 -2.643500
-0.872500 0.821000 -2.620500
-1.188500 0.855000 -2.016500
-1.201500 0.871000 -2.290500
-1.491500 0.907000 -2.260500
-1.707500 0.944000 -1.962500
-1.453500 0.945000 -2.557500
-0.949500 0.947000 -2.307500
-1.534500 0.964000 -2.728500
-1.513500 0.981000 -2.451500
-0.926500 0.982000 -2.333500
-1.730500 0.983000 -2.271500
-1.194500 0.983000 -2.578500
-1.490500 1.036000 -2.172500
-1.468500 1.045000 -1.879500
-1.257500 1.102000 -2.444500
-1.588500 1.247000 -1.950500
-1.688500 1.310000 -1.777500
-1.711500 1.359000 -2.086500
-1.092500 1.416000 -1.982500
-0.859500 1.600000 -1.758500
-0.889500 1.724000 -1.977500
-0.897500 1.734000 -1.976500
-0.913500 1.741000 -2.288500
-0.917500 1.787000 -2.246500
-0.936500 1.884000 -2.603500
-0.872500 2.051000 -1.802500
-0.206500 -1.552000 -2.483500
-0.458500 -1.506000 -2.030500
-0.424500 -1.412000 -2.264500
-0.186500 -1.334000 -2.250500
-0.654500 -1.283000 -2.423500
-0.429500 -0.979000 -2.393500
-0.191500 -0.858000 -2.392500
-0.715500 -0.689000 -1.944500
0.121500 -0.488000 -2.431500
-0.175500 -0.360000 -2.257500
0.113500 0.162000 -2.626500
-0.400500 0.334000 -2.209500
0.038500 0.694000 -2.712500
-0.188500 0.732000 -2.585500
-0.635500 0.976000 -2.509500
-0.326500 0.986000 -2.657500
-0.430500 1.000000 -2.692500
-0.111500 1.020000 -1.870500
-0.645500 1.035000 -2.624500
-0.116500 1.040000 -2.375500
-0.169500 1.089000 -2.396500
-0.411500 1.247000 -2.483500
0.123500 1.283000 -2.667500
-0.163500 1.332000 -2.645500
0.046500 1.463000 -1.850500
-0.391500 1.554000 -2.280500
-0.561500 1.587000 -1.786500
-0.620500 1.594000 -2.417500
-0.308500 1.646000 -2.312500
-0.578500 1.794000 -1.901500
-0.157500 1.804000 -2.338500
-0.635500 1.835000 -1.992500
-0.370500 1.835000 -1.784500
-0.377500 1.899000 -2.011500
-0.374500 1.913000 -2.112500
-0.670500 1.932000 -2.257500
-0.601500 1.952000 -2.224500
-0.074500 1.962000 -2.605500
0.174500 2.053000 -2.621500
0.135500 2.061000 -2.627500
-0.144500 2.061000 -1.788500
-0.159500 2.115000 -2.290500
0.155500 2.147000 -2.380500
-0.161500 2.151000 -2.443500
-0.356500 2.152000 -1.917500
0.100500 2.163000 -2.310500
0.177500 2.168000 -2.107500
-0.215500 2.309000 -1.994500
-0.142500 2.313000 -2.222500
-0.124500 2.667000 -2.045500
-0.097500 2.793000 -1.968500
0.173500 2.803000 -1.992500
0.192500 2.803000 -2.000500
-0.103500 2.882000 -1.811500
0.132500 2.919000 -1.748500
0.212500 2.984000 -1.767500
1.217500 -0.327000 -2.455500
0.642500 -0.010000 -2.647500
1.207500 0.377000 -2.668500
0.442500 0.477000 -2.328500
0.419500 0.597000 -2.639500
1.227500 0.603000 -2.451500
0.653500 0.821000 -2.623500
0.906500 0.835000 -2.592500
0.923500 1.231000 -2.428500
0.944500 1.492000 -2.206500
0.664500 1.670000 -2.604500
0.426500 1.737000 -2.708500
0.541500 1.781000 -2.675500
0.446500 1.865000 -2.473500
0.683500 1.929000 -2.399500
0.438500 1.950000 -2.356500
0.711500 1.967000 -2.380500
0.467500 1.998000 -2.229500
0.937500 2.029000 -2.369500
0.958500 2.077000 -2.099500
0.972500 2.092000 -2.119500
0.945500 2.160000 -2.387500
0.703500 2.178000 -2.178500
0.483500 2.538000 -2.097500
0.489500 2.684000 -2.030500
0.502500 2.802000 -1.890500
0.422500 2.849000 -1.779500
0.315500 3.182000 -1.744500
1.950500 -0.707000 -2.621500
1.729500 -0.610000 -2.411500
1.972500 -0.503000 -2.379500
2.079500 -0.428000 -2.411500
1.993500 -0.366000 -2.131500
1.522500 -0.346000 -2.323500
1.499500 -0.336000 -2.613500
2.013500 -0.181000 -1.904500
1.747500 -0.126000 -2.255500
1.538500 0.238000 -2.199500
2.029500 0.380000 -1.775500
1.511500 0.457000 -2.567500
1.761500 0.566000 -2.171500
2.001500 0.640000 -2.155500
1.781500 0.678000 -1.929500
1.528500 0.970000 -2.422500
1.550500 1.022000 -2.142500
1.604500 1.047000 -2.256500
1.244500 1.083000 -2.296500
1.569500 1.250000 -1.941500
1.796500 1.265000 -1.813500
1.260500 1.580000 -2.161500
1.584500 1.883000 -1.835500
1.277500 1.960000 -1.996500
1.807500 2.140000 -1.800500
1.236500 2.181000 -1.904500
1.429500 2.431000 -1.903500
1.294500 2.462000 -1.847500
2.589500 -0.698000 -2.127500
2.312500 -0.588000 -1.992500
2.610500 -0.493000 -1.892500
2.288500 -0.474000 -2.311500
2.267500 0.635000 -1.894500
2.338500 0.815000 -1.846500
2.485500 0.826000 -1.899500
-2.309500 -0.312000 -1.230500
-1.808500 -0.090000 -1.259500
-1.950500 -0.081000 -0.916500
-2.087500 -0.081000 -1.233500
-2.540500 -0.039000 -1.055500
-2.518500 0.093000 -0.797500
-1.885500 0.156000 -1.233500
-2.286500 0.163000 -1.057500
-2.463500 0.187000 -0.892500
-2.006500 0.632000 -1.506500
-2.350500 0.757000 -1.145500
-2.331500 0.892000 -1.678500
-2.316500 0.893000 -1.566500
-2.505500 0.895000 -0.764500
-2.366500 0.901000 -1.453500
-2.405500 0.964000 -0.838500
-2.121500 0.998000 -1.467500
-2.110500 1.073000 -1.684500
-1.962500 1.077000 -1.263500
-2.274500 1.097000 -1.061500
-1.986500 1.299000 -1.602500
-2.250500 1.319000 -1.112500
-1.933500 1.320000 -1.460500
-2.250500 1.339000 -0.824500
-1.928500 1.450000 -1.672500
-2.257500 1.670000 -0.929500
-2.281500 1.742000 -1.254500
-1.947500 1.852000 -1.191500
-2.131500 1.885000 -1.080500
-2.133500 1.897000 -0.792500
-1.940500 2.149000 -1.077500
-1.929500 2.177000 -1.010500
-1.974500 2.267000 -0.779500
-1.912500 2.453000 -0.829500
-1.802500 2.573000 -1.057500
-1.881500 2.822000 -1.031500
-1.447500 -0.785000 -1.332500
-1.590500 -0.784000 -1.331500
-1.191500 -0.782000 -1.311500
-1.443500 0.759000 -1.524500
-1.448500 1.162000 -1.645500
-1.667500 1.261000 -1.494500
-1.426500 1.286000 -1.377500
-1.651500 1.289000 -1.488500
-1.629500 1.360000 -1.706500
-1.153500 1.476000 -1.519500
-1.194500 1.494000 -1.694500
-1.146500 1.563000 -1.734500
-0.867500 1.636000 -1.678500
-1.174500 1.703000 -1.476500
-1.066500 2.054000 -1.164500
-1.019500 2.106000 -1.705500
-1.654500 2.198000 -1.470500
-1.669500 2.242000 -1.414500
-1.416500 2.342000 -1.415500
-0.804500 2.350000 -1.706500
-1.634500 2.355000 -1.239500
-0.854500 2.371000 -1.630500
-1.437500 2.372000 -1.425500
-0.905500 2.483000 -1.146500
-1.768500 2.488000 -0.781500
-0.835500 2.536000 -1.399500
-0.923500 2.594000 -1.455500
-1.175500 2.600000 -1.653500
-1.247500 2.675000 -1.420500
-1.165500 2.683000 -1.505500
-1.143500 2.701000 -1.230500
-1.618500 2.788000 -1.102500
-1.400500 2.789000 -1.283500
-1.605500 2.805000 -1.058500
-1.310500 2.824000 -1.083500
-1.615500 2.868000 -0.766500
-1.598500 2.876000 -0.854500
-1.380500 2.906000 -1.042500
-1.335500 2.909000 -0.788500
-1.056500 2.958000 -1.096500
-1.124500 3.041000 -1.033500
-0.807500 3.042000 -0.826500
-1.090500 3.053000 -0.800500
-0.828500 3.165000 -1.420500
-0.819500 3.191000 -1.295500
-0.877500 3.234000 -1.091500
-0.797500 3.270000 -1.029500
-0.573500 -2.309000 -0.831500
-0.302500 -0.449000 -0.845500
-0.533500 -0.167000 -1.042500
0.170500 0.971000 -1.678500
-0.214500 1.235000 -1.623500
0.078500 1.258000 -1.648500
-0.552500 1.412000 -1.519500
-0.326500 1.482000 -1.430500
-0.534500 1.734000 -1.334500
-0.091500 1.871000 -1.504500
-0.137500 1.933000 -1.577500
-0.765500 2.034000 -0.906500
-0.309500 2.053000 -1.303500
-0.538500 2.059000 -1.432500
-0.267500 2.203000 -0.783500
-0.052500 2.306000 -1.070500
-0.018500 2.337000 -1.237500
-0.075500 2.417000 -1.380500
-0.519500 2.427000 -1.241500
-0.291500 2.446000 -1.126500
-0.074500 2.573000 -1.534500
0.123500 2.757000 -0.932500
0.124500 2.799000 -1.535500
-0.080500 2.812000 -1.500500
-0.112500 2.833000 -1.732500
-0.036500 2.912000 -0.951500
-0.278500 3.065000 -1.046500
0.000500 3.147000 -1.177500
-0.257500 3.226000 -0.801500
-0.507500 3.292000 -1.213500
-0.596500 3.298000 -0.826500
-0.486500 3.323000 -0.950500
-0.612500 3.327000 -1.108500
-0.041500 3.343000 -1.083500
-0.021500 3.437000 -0.839500
0.162500 3.496000 -0.880500
-0.155500 3.623000 -0.841500
-0.262500 3.700000 -0.946500
-0.459500 3.714000 -0.807500
-0.468500 3.744000 -0.783500
0.577500 2.199000 -0.848500
1.045500 2.286000 -1.031500
0.258500 2.342000 -1.262500
0.998500 2.561000 -1.661500
1.044500 2.638000 -1.631500
1.039500 2.714000 -1.163500
0.762500 2.919000 -1.531500
0.620500 2.956000 -1.248500
0.567500 2.974000 -1.086500
0.782500 3.042000 -1.299500
0.520500 3.147000 -1.714500
0.857500 3.150000 -1.255500
0.232500 3.160000 -1.538500
0.283500 3.188000 -1.520500
0.255500 3.205000 -1.254500
0.241500 3.226000 -1.193500
0.801500 3.244000 -1.086500
0.556500 3.254000 -1.540500
0.822500 3.256000 -0.818500
0.542500 3.257000 -1.445500
0.823500 3.275000 -0.956500
1.052500 3.361000 -1.090500
0.274500 3.433000 -1.049500
0.582500 3.449000 -0.960500
1.036500 3.450000 -0.962500
0.294500 3.471000 -0.788500
0.454500 3.505000 -0.906500
1.074500 3.514000 -0.833500
1.746500 -0.637000 -0.915500
2.041500 -0.518000 -1.499500
1.816500 -0.123000 -1.387500
2.034500 -0.034000 -1.648500
1.809500 0.341000 -1.529500
2.045500 0.775000 -1.619500
2.066500 0.818000 -1.356500
1.865500 1.020000 -0.910500
2.106500 1.213000 -0.902500
2.082500 1.242000 -1.214500
1.817500 1.357000 -1.559500
1.366500 1.950000 -0.868500
1.831500 1.989000 -1.477500
2.118500 2.103000 -0.876500
1.874500 2.128000 -0.948500
1.773500 2.158000 -1.733500
1.848500 2.249000 -1.290500
1.623500 2.261000 -1.393500
1.644500 2.261000 -1.123500
1.705500 2.302000 -1.396500
1.704500 2.312000 -1.109500
1.599500 2.375000 -1.704500
1.370500 2.479000 -1.672500
1.316500 2.522000 -1.588500
1.664500 2.538000 -0.905500
2.132500 2.567000 -0.752500
1.891500 2.625000 -0.799500
1.378500 2.844000 -0.838500
1.437500 3.141000 -0.796500
1.679500 3.144000 -0.792500
2.683500 -0.966000 -0.910500
2.837500 -0.814000 -1.671500
2.858500 -0.787000 -1.403500
2.880500 -0.773000 -1.136500
2.335500 -0.494000 -1.719500
2.652500 -0.327000 -1.383500
2.630500 -0.307000 -1.667500
2.696500 -0.188000 -0.847500
2.669500 0.007000 -1.211500
2.685500 0.530000 -1.070500
2.382500 0.797000 -1.289500
2.428500 0.915000 -1.567500
2.435500 0.921000 -1.281500
2.679500 0.945000 -1.198500
2.358500 0.972000 -1.618500
2.689500 0.982000 -1.073500
2.703500 0.989000 -0.911500
2.642500 1.003000 -0.872500
2.427500 1.010000 -0.748500
2.363500 1.134000 -1.032500
2.402500 1.136000 -1.086500
-2.806500 0.122000 -0.138500
-2.811500 0.193000 0.153500
-2.664500 -0.245000 -0.484500
-2.709500 -0.229000 -0.252500
-2.650500 -0.148000 -0.674500
-2.450500 -0.143000 0.128500
-2.731500 -0.117000 -0.163500
-2.495500 -0.064000 -0.477500
-2.164500 0.024000 -0.509500
-2.460500 0.044000 -0.481500
-2.184500 0.060000 0.086500
-2.438500 0.121000 -0.673500
-1.946500 0.158000 -0.213500
-2.713500 0.207000 -0.382500
-2.220500 0.211000 -0.211500
-2.475500 0.233000 -0.262500
-2.691500 0.241000 -0.093500
-2.258500 0.282000 -0.176500
-2.253500 0.305000 -0.480500
-2.547500 0.321000 -0.452500
-2.670500 0.330000 0.162500
-2.455500 0.339000 -0.016500
-2.575500 0.345000 -0.142500
-2.434500 0.360000 0.251500
-2.577500 0.368000 0.145500
-2.314500 0.474000 0.129500
-2.076500 0.641000 -0.471500
-2.204500 0.656000 -0.080500
-2.366500 0.828000 -0.626500
-2.444500 0.871000 -0.114500
-1.903500 0.937000 -0.158500
-2.211500 0.997000 -0.126500
-1.893500 1.001000 -0.460500
-2.208500 1.196000 -0.612500
-2.232500 1.366000 -0.558500
-1.878500 1.385000 -0.225500
-2.191500 1.490000 -0.051500
-1.798500 1.496000 -0.126500
-2.080500 1.498000 -0.100500
-2.376500 1.520000 -0.071500
-1.789500 1.531000 -0.429500
-2.425500 1.542000 0.169500
-2.375500 1.546000 0.215500
-1.857500 1.623000 0.005500
-2.066500 1.691000 -0.587500
-2.169500 1.777000 -0.071500
-2.161500 1.813000 0.216500
-2.172500 1.845000 0.145500
-1.907500 2.056000 -0.709500
-1.840500 2.090000 0.160500
-2.030500 2.246000 0.237500
-2.004500 2.356000 -0.543500
-1.890500 2.430000 -0.541500
-1.716500 -1.424000 -0.068500
-1.323500 -0.005000 -0.282500
-1.488500 0.582000 -0.529500
-1.712500 2.146000 -0.390500
-1.746500 2.199000 -0.077500
-1.754500 2.230000 0.210500
-1.769500 2.474000 -0.555500
-1.588500 2.588000 0.222500
-0.944500 2.598000 -0.621500
-1.585500 2.624000 -0.365500
-1.572500 2.701000 -0.497500
-1.647500 2.734000 -0.046500
-1.586500 2.761000 -0.550500
-0.770500 2.804000 -0.613500
-1.098500 2.815000 -0.671500
-0.807500 2.865000 -0.418500
-1.357500 2.891000 -0.735500
-1.334500 2.901000 -0.562500
-1.552500 2.918000 -0.267500
-1.398500 2.924000 0.230500
-1.531500 2.951000 -0.005500
-1.335500 2.969000 -0.464500
-1.402500 2.981000 -0.355500
-1.080500 3.053000 -0.468500
-1.161500 3.064000 -0.065500
-1.315500 3.076000 -0.222500
-1.143500 3.080000 -0.371500
-1.469500 3.097000 -0.035500
-1.292500 3.105000 0.057500
-0.774500 3.122000 -0.710500
-1.058500 3.143000 -0.202500
-1.197500 3.195000 0.233500
-0.948500 3.277000 0.216500
-1.039500 3.345000 0.014500
-0.999500 3.425000 -0.053500
-0.274500 -2.803000 -0.131500
-0.284500 -1.951000 -0.389500
-0.293500 -1.208000 -0.614500
-0.250500 -0.895000 -0.109500
-0.195500 1.862000 0.041500
-0.766500 2.039000 -0.679500
-0.762500 2.103000 -0.399500
-0.274500 2.145000 -0.520500
-0.466500 2.675000 -0.158500
-0.012500 2.742000 -0.626500
0.066500 2.748000 0.084500
-0.729500 2.785000 -0.626500
-0.749500 2.971000 -0.370500
-0.300500 2.993000 -0.149500
-0.286500 3.010000 0.136500
-0.566500 3.016000 0.162500
-0.035500 3.062000 0.117500
-0.416500 3.079000 -0.022500
-0.708500 3.208000 0.117500
0.171500 3.263000 0.113500
-0.678500 3.333000 -0.089500
-0.732500 3.352000 -0.203500
0.179500 3.431000 -0.660500
-0.000500 3.465000 -0.572500
0.119500 3.467000 -0.456500
0.044500 3.510000 -0.013500
-0.757500 3.573000 -0.554500
-0.688500 3.576000 -0.570500
-0.745500 3.612000 -0.367500
-0.493500 3.688000 -0.384500
0.017500 3.723000 -0.382500
-0.462500 3.725000 -0.579500
-0.258500 3.732000 -0.097500
-0.446500 3.747000 -0.501500
-0.261500 3.760000 0.190500
0.040500 3.761000 -0.091500
-0.203500 3.769000 -0.599500
-0.250500 3.774000 -0.399500
-0.425500 3.803000 -0.244500
-0.242500 3.807000 -0.695500
-0.176500 3.848000 0.135500
-0.220500 3.853000 -0.431500
-0.021500 3.854000 -0.109500
-0.005500 3.855000 -0.415500
-0.200500 3.899000 -0.181500
1.044500 -0.922000 -0.594500
0.472500 1.490000 -0.047500
0.970500 1.741000 0.173500
0.954500 1.805000 -0.658500
0.870500 2.032000 -0.042500
0.866500 2.060000 0.207500
0.841500 2.156000 -0.621500
0.644500 2.182000 0.010500
0.896500 2.824000 -0.270500
0.874500 2.856000 -0.092500
1.160500 2.918000 0.245500
1.148500 3.063000 0.175500
0.816500 3.120000 0.044500
0.892500 3.122000 0.093500
1.084500 3.122000 0.020500
0.805500 3.191000 -0.539500
0.475500 3.249000 0.085500
0.366500 3.249000 0.154500
0.825500 3.257000 -0.731500
0.318500 3.301000 -0.462500
0.452500 3.356000 -0.495500
0.844500 3.367000 -0.546500
1.020500 3.368000 -0.545500
0.628500 3.391000 -0.363500
0.340500 3.406000 -0.193500
0.651500 3.437000 -0.082500
1.098500 3.479000 -0.520500
0.455500 3.492000 -0.680500
0.386500 3.494000 -0.173500
0.603500 3.527000 -0.708500
1.005500 3.550000 -0.726500
0.660500 3.598000 0.094500
2.128500 1.382000 -0.652500
2.149500 1.430000 -0.398500
1.906500 1.569000 -0.471500
2.160500 1.589000 -0.193500
2.170500 1.646000 -0.160500
2.191500 1.662000 0.113500
1.926500 1.703000 -0.238500
1.947500 1.807000 0.024500
2.142500 1.880000 -0.538500
2.035500 1.979000 0.095500
1.739500 2.070000 0.108500
1.966500 2.076000 0.217500
1.385500 2.344000 -0.684500
1.330500 2.345000 -0.346500
1.937500 2.553000 -0.208500
1.833500 2.586000 -0.088500
1.958500 2.611000 0.050500
1.912500 2.674000 -0.540500
1.752500 2.744000 0.178500
1.737500 2.855000 -0.344500
1.467500 2.856000 -0.034500
1.728500 2.877000 -0.143500
1.740500 2.880000 0.189500
1.446500 2.897000 0.010500
1.461500 2.907000 0.217500
1.701500 3.131000 -0.514500
1.642500 3.206000 -0.614500
1.397500 3.231000 -0.658500
2.961500 0.126000 -0.231500
2.937500 0.130000 -0.530500
2.460500 0.230000 -0.235500
2.756500 0.435000 -0.163500
2.763500 0.544000 -0.612500
2.479500 0.577000 -0.041500
2.729500 0.660000 -0.533500
2.450500 0.889000 -0.440500
2.474500 1.417000 0.239500
2.510500 1.452000 0.243500
2.413500 1.674000 0.037500
2.485500 1.705000 -0.111500
2.395500 1.728000 -0.204500
2.462500 1.759000 -0.410500
-2.777500 0.072000 0.388500
-2.836500 0.198000 0.629500
-2.363500 -0.286000 0.324500
-2.681500 -0.233000 1.192500
-2.599500 -0.177000 1.162500
-1.928500 0.026000 0.856500
-2.532500 0.250000 0.379500
-2.284500 0.276000 0.907500
-2.648500 0.314000 0.441500
-2.607500 0.348000 0.942500
-2.598500 0.361000 0.620500
-2.628500 0.376000 0.699500
-2.286500 0.391000 1.203500
-2.589500 0.424000 1.233500
-2.606500 0.430000 0.978500
-2.367500 0.469000 1.092500
-2.414500 0.553000 0.468500
-2.392500 0.582000 0.760500
-2.114500 0.647000 0.598500
-2.412500 0.697000 0.629500
-2.404500 0.791000 0.408500
-2.174500 0.800000 0.937500
-2.157500 0.848000 1.225500
-2.154500 0.852000 0.390500
-1.898500 0.964000 1.210500
-2.396500 0.994000 0.635500
-2.248500 1.071000 0.642500
-1.988500 1.129000 0.945500
-2.285500 1.150000 0.973500
-1.834500 1.593000 0.311500
-2.150500 1.699000 0.680500
-2.423500 1.699000 0.479500
-2.147500 1.711000 0.481500
-2.151500 1.775000 0.460500
-1.944500 1.863000 0.996500
-1.994500 2.148000 0.474500
-2.132500 2.201000 0.603500
-1.821500 2.269000 0.374500
-2.062500 2.276000 0.716500
-1.805500 2.292000 1.015500
-2.111500 2.319000 0.860500
-1.782500 2.359000 0.470500
-1.865500 2.507000 0.715500
-1.779500 2.519000 0.878500
-1.801500 2.521000 0.593500
-1.479500 0.404000 0.844500
-1.657500 0.962000 0.902500
-1.635500 1.014000 1.190500
-1.154500 1.123000 0.868500
-1.465500 1.136000 1.125500
-1.166500 1.190000 0.553500
-1.176500 1.293000 1.170500
-1.534500 1.550000 1.221500
-1.450500 1.650000 1.247500
-1.002500 1.670000 1.182500
-1.475500 1.990000 0.864500
-1.141500 2.043000 0.615500
-1.123500 2.046000 1.221500
-1.451500 2.048000 0.965500
-0.829500 2.061000 1.196500
-1.450500 2.077000 0.645500
-1.455500 2.121000 1.103500
-1.217500 2.171000 1.175500
-1.211500 2.210000 0.955500
-1.502500 2.322000 0.442500
-1.501500 2.334000 0.474500
-0.978500 2.396000 0.948500
-1.560500 2.421000 0.681500
-1.272500 2.454000 0.658500
-1.613500 2.555000 1.018500
-0.987500 2.558000 0.803500
-0.993500 2.569000 1.249500
-0.779500 2.648000 0.949500
-0.776500 2.743000 1.242500
-1.098500 2.819000 0.669500
-0.853500 2.893000 0.653500
-1.508500 2.925000 0.294500
-1.406500 2.938000 0.480500
-1.487500 3.001000 0.554500
-0.993500 3.088000 0.640500
-1.271500 3.165000 0.323500
-1.251500 3.263000 0.572500
-0.935500 3.268000 0.462500
-1.218500 3.285000 0.489500
-1.016500 3.291000 0.310500
-0.633500 -0.479000 0.378500
0.141500 2.521000 1.142500
-0.117500 2.734000 1.058500
-0.162500 2.754000 0.473500
-0.635500 2.772000 1.124500
-0.140500 2.823000 0.754500
0.019500 2.825000 0.568500
-0.392500 2.864000 0.313500
0.096500 2.869000 0.753500
-0.573500 2.924000 0.951500
-0.551500 2.949000 1.237500
-0.044500 2.982000 0.907500
0.229500 2.986000 0.883500
0.118500 2.996000 1.013500
-0.307500 3.053000 1.223500
0.210500 3.075000 0.570500
-0.311500 3.078000 0.391500
-0.372500 3.081000 0.546500
-0.035500 3.084000 0.366500
-0.590500 3.094000 0.417500
-0.663500 3.096000 0.719500
-0.626500 3.118000 0.649500
-0.687500 3.142000 0.403500
-0.123500 3.203000 0.913500
0.071500 3.215000 0.378500
0.186500 3.257000 0.359500
-0.329500 3.275000 1.062500
-0.410500 3.311000 0.644500
-0.438500 3.336000 0.970500
-0.352500 3.389000 0.755500
0.658500 1.153000 0.328500
0.691500 1.567000 0.734500
0.674500 1.678000 0.462500
0.693500 1.898000 0.665500
0.497500 2.163000 0.797500
0.398500 2.403000 0.685500
0.420500 2.544000 0.943500
0.371500 2.577000 0.517500
0.683500 2.633000 0.437500
0.326500 2.794000 1.146500
1.188500 2.819000 1.069500
0.585500 2.822000 0.517500
0.437500 2.908000 1.111500
1.172500 2.914000 0.504500
1.126500 2.927000 0.475500
0.918500 2.928000 0.456500
0.852500 2.935000 0.501500
0.702500 2.936000 0.644500
0.940500 2.971000 0.726500
0.527500 2.983000 0.856500
0.856500 2.985000 0.278500
0.559500 2.987000 1.139500
0.961500 3.030000 0.979500
1.078500 3.031000 0.809500
0.793500 3.070000 0.838500
1.192500 3.077000 0.730500
0.744500 3.107000 1.146500
1.213500 3.109000 0.990500
0.524500 3.111000 0.317500
0.389500 3.113000 0.465500
0.722500 3.125000 0.868500
0.981500 3.144000 1.220500
0.795500 3.163000 1.131500
2.215500 1.561000 0.422500
2.119500 1.786000 1.139500
2.037500 1.831000 1.149500
2.065500 1.878000 0.919500
2.210500 1.894000 0.317500
1.504500 1.930000 0.874500
1.642500 2.220000 0.697500
1.985500 2.252000 0.445500
1.520500 2.307000 1.026500
1.802500 2.341000 0.863500
1.626500 2.379000 0.997500
1.824500 2.380000 1.141500
2.005500 2.393000 0.678500
1.636500 2.403000 1.229500
1.778500 2.480000 0.541500
1.839500 2.491000 0.378500
1.822500 2.518000 0.703500
1.491500 2.828000 0.593500
1.450500 2.834000 0.439500
1.469500 2.873000 0.303500
1.511500 2.937000 0.828500
1.379500 3.018000 0.781500
1.404500 3.055000 1.067500
1.531500 3.161000 1.055500
2.547500 0.432000 0.838500
2.496500 0.570000 0.782500
2.268500 1.017000 1.166500
2.244500 1.067000 0.854500
2.534500 1.323000 0.558500
2.464500 1.391000 0.560500
2.232500 1.920000 0.586500
-2.058500 -0.311000 1.572500
-1.807500 -0.253000 1.553500
-2.662500 -0.237000 1.422500
-1.802500 -0.199000 1.347500
-2.399500 -0.173000 1.613500
-2.527500 0.259000 1.447500
-2.582500 0.406000 1.288500
-2.293500 0.465000 1.441500
-2.346500 0.469000 1.369500
-2.074500 0.654000 1.436500
-2.093500 0.734000 1.344500
-1.890500 0.930000 1.650500
-1.873500 0.945000 1.439500
-0.962500 -0.250000 1.808500
-1.585500 -0.013000 1.882500
-1.323500 0.043000 1.531500
-1.622500 0.091000 1.562500
-1.358500 0.127000 1.872500
-1.195500 0.317000 1.745500
-1.589500 0.899000 1.410500
-1.180500 1.004000 1.834500
-1.740500 1.014000 1.618500
-1.073500 1.079000 2.240500
-0.947500 1.183000 1.530500
-0.840500 1.225000 1.366500
-1.458500 1.291000 1.968500
-1.207500 1.329000 1.434500
-1.736500 1.333000 1.666500
-1.403500 1.386000 1.896500
-1.724500 1.415000 1.760500
-1.493500 1.432000 1.651500
-1.250500 1.528000 1.967500
-1.428500 1.611000 1.530500
-1.273500 1.657000 1.438500
-1.559500 1.680000 1.466500
-1.316500 1.711000 1.656500
-1.165500 1.723000 1.916500
-1.188500 1.723000 1.612500
-1.026500 1.738000 1.963500
-1.028500 1.807000 1.427500
-0.911500 1.898000 1.886500
-1.079500 1.902000 1.649500
-0.789500 1.935000 1.625500
-0.933500 1.969000 1.586500
-0.956500 1.980000 1.284500
-0.822500 2.007000 1.964500
-0.890500 2.076000 2.126500
-0.894500 2.294000 1.451500
-0.942500 2.715000 1.356500
-0.746500 0.068000 2.135500
-0.640500 0.652000 2.169500
-0.357500 0.714000 2.148500
-0.747500 0.983000 2.203500
0.165500 1.053000 1.900500
-0.593500 1.328000 1.561500
0.182500 1.532000 1.506500
-0.058500 1.573000 1.985500
-0.105500 1.584000 1.867500
0.180500 1.603000 2.007500
-0.094500 1.655000 2.194500
-0.265500 1.720000 2.117500
-0.701500 1.773000 2.258500
-0.287500 1.780000 1.820500
-0.463500 1.885000 2.245500
0.197500 1.950000 2.175500
-0.559500 1.954000 2.219500
0.130500 2.033000 1.312500
-0.554500 2.037000 1.942500
-0.582500 2.044000 1.916500
-0.293500 2.218000 1.684500
0.172500 2.221000 1.814500
-0.272500 2.260000 1.949500
-0.330500 2.275000 1.939500
-0.063500 2.358000 1.381500
-0.046500 2.358000 2.026500
-0.092500 2.396000 1.927500
-0.375500 2.403000 1.622500
-0.090500 2.434000 1.443500
-0.679500 2.450000 1.654500
-0.587500 2.468000 1.784500
-0.070500 2.507000 1.694500
0.132500 2.555000 1.588500
-0.156500 2.572000 1.615500
0.167500 2.621000 1.689500
0.145500 2.647000 1.404500
0.109500 2.653000 1.387500
-0.451500 2.709000 1.442500
-0.178500 2.712000 1.418500
-0.767500 2.765000 1.475500
-0.615500 2.833000 1.376500
-0.096500 2.903000 1.298500
1.159500 0.369000 1.984500
0.725500 0.846000 2.059500
0.286500 1.283000 1.268500
0.806500 1.304000 1.763500
0.246500 1.457000 2.148500
1.052500 1.487000 1.754500
1.197500 1.951000 1.776500
0.449500 2.016000 1.389500
0.299500 2.149000 2.195500
0.254500 2.155000 1.877500
1.090500 2.258000 1.478500
0.795500 2.657000 1.858500
0.665500 2.664000 1.878500
0.357500 2.675000 1.907500
0.506500 2.686000 2.026500
0.371500 2.709000 1.367500
0.353500 2.723000 1.580500
0.461500 2.732000 1.441500
0.769500 2.793000 1.519500
0.481500 2.823000 1.687500
0.593500 2.867000 1.569500
1.179500 2.879000 1.307500
0.601500 2.919000 1.362500
0.766500 3.056000 1.436500
0.825500 3.131000 1.358500
1.271500 0.926000 2.015500
1.469500 1.220000 2.019500
2.045500 1.262000 1.328500
1.385500 1.379000 1.716500
1.555500 1.445000 1.594500
1.252500 1.969000 1.643500
1.361500 2.261000 1.784500
1.920500 2.315000 1.407500
1.542500 2.349000 1.310500
1.341500 2.352000 1.462500
1.849500 2.352000 1.452500
1.635500 2.367000 1.437500
1.566500 2.370000 1.608500
1.239500 2.863000 1.362500
2.290500 1.192000 1.414500
-0.618500 -0.230000 2.379500
-0.384500 -0.036000 2.372500
-0.185500 0.214000 2.624500
0.046500 0.376000 2.953500
0.033500 0.437000 2.369500
-0.000500 0.535000 2.877500
-0.276500 0.543000 2.405500
-0.019500 0.563000 2.635500
-0.185500 1.108000 2.439500
0.023500 1.391000 2.441500
-0.011500 1.392000 2.609500
0.203500 1.517000 2.310500
-0.036500 1.596000 2.264500
0.256500 0.624000 2.615500
0.804500 0.686000 2.318500
0.337500 1.272000 2.404500
-0.770500 1.007000 -2.866500
-0.517500 1.020000 -2.786500
-2.126500 0.932000 -2.225500
-2.301500 1.061000 -1.889500
-1.927500 1.082000 -2.450500
-1.374500 1.090000 -2.572500
-0.994500 1.760000 -2.133500
-1.059500 1.918000 -2.394500
-0.610500 1.703000 -2.106500
-0.842500 1.935000 -2.347500
-0.325500 1.983000 -1.858500
-0.654500 1.986000 -2.259500
0.053500 2.098000 -2.712500
-0.385500 2.135000 -2.096500
-0.048500 2.158000 -2.420500
-0.321500 2.679000 -1.760500
0.032500 2.841000 -1.998500
-0.127500 2.928000 -1.950500
0.318500 -0.478000 -1.889500
0.143500 -0.396000 -1.902500
0.718500 1.933000 -2.372500
0.134500 2.058000 -2.377500
0.953500 2.081000 -2.264500
1.924500 -0.406000 -2.234500
1.868500 -0.210000 -2.450500
1.949500 0.489000 -2.025500
1.765500 0.623000 -1.989500
2.502500 -0.413000 -1.753500
-2.726500 0.223000 -0.768500
-2.439500 0.894000 -1.722500
-2.455500 1.305000 -0.793500
-2.254500 1.777000 -0.828500
-2.319500 1.909000 -1.091500
-2.183500 2.063000 -1.265500
-2.079500 2.254000 -0.802500
-1.772500 -0.204000 -0.855500
-1.072500 2.241000 -1.156500
-1.868500 2.430000 -0.951500
-1.178500 2.743000 -1.546500
-1.904500 2.808000 -1.057500
-1.641500 2.831000 -1.023500
-1.373500 2.833000 -1.251500
-1.002500 2.835000 -0.788500
-1.281500 2.886000 -0.854500
-1.451500 2.964000 -0.910500
-1.050500 3.113000 -0.961500
0.074500 -0.214000 -1.463500
-0.828500 1.154000 -1.500500
-0.756500 1.760000 -1.126500
-0.481500 2.273000 -0.779500
-0.694500 2.294000 -0.797500
-0.054500 2.880000 -1.648500
-0.817500 3.253000 -1.207500
-0.590500 3.385000 -1.110500
-0.146500 3.497000 -0.923500
-0.555500 3.682000 -0.926500
-0.365500 3.774000 -0.825500
0.216500 -0.433000 -1.599500
0.201500 0.099000 -1.599500
0.433500 0.504000 -1.288500
0.333500 1.897000 -0.834500
0.367500 1.949000 -1.401500
0.458500 2.047000 -1.005500
0.406500 2.284000 -1.195500
0.505500 2.444000 -0.761500
0.920500 2.936000 -1.399500
0.631500 3.104000 -1.313500
0.551500 3.131000 -1.650500
0.155500 3.150000 -1.441500
0.271500 3.219000 -1.661500
0.349500 3.229000 -1.327500
0.736500 3.283000 -0.847500
0.967500 3.337000 -1.153500
0.101500 3.470000 -0.916500
0.271500 3.476000 -0.909500
0.471500 3.545000 -0.775500
1.860500 0.709000 -1.574500
2.061500 0.772000 -1.518500
1.987500 1.117000 -0.992500
1.926500 1.270000 -1.233500
1.755500 1.438000 -0.797500
1.860500 1.438000 -1.492500
1.905500 1.828000 -1.254500
2.015500 2.035000 -0.767500
1.869500 2.230000 -1.364500
1.602500 2.232000 -1.353500
1.531500 2.363000 -1.638500
1.346500 2.423000 -1.327500
1.276500 2.475000 -1.620500
1.995500 2.594000 -0.787500
1.177500 2.633000 -1.252500
1.252500 3.270000 -0.861500
2.689500 -0.914000 -1.020500
2.637500 -0.636000 -1.208500
2.583500 -0.386000 -1.406500
2.621500 -0.059000 -1.208500
2.370500 0.363000 -1.012500
2.529500 0.564000 -1.526500
2.260500 0.840000 -1.423500
2.482500 0.841000 -1.693500
2.189500 0.881000 -1.717500
2.662500 0.968000 -0.916500
2.371500 1.115000 -0.922500
2.189500 1.213000 -0.929500
2.113500 1.218000 -1.246500
-2.961500 0.297000 0.139500
-2.648500 0.163000 -0.443500
-2.860500 0.198000 -0.169500
-2.558500 0.272000 -0.049500
-2.772500 0.296000 0.218500
-2.414500 0.929000 -0.663500
-2.172500 1.031000 -0.568500
-1.949500 1.279000 -0.364500
-2.023500 1.302000 -0.676500
-2.209500 1.442000 -0.680500
-2.225500 1.809000 0.243500
-2.027500 1.981000 -0.614500
-1.917500 2.198000 -0.122500
-2.031500 2.231000 0.174500
-1.565500 1.566000 0.236500
-1.000500 1.879000 0.220500
-1.392500 2.171000 -0.047500
-1.833500 2.265000 0.245500
-1.775500 2.513000 -0.545500
-1.591500 2.699000 0.260500
-1.665500 2.740000 -0.048500
-1.558500 2.829000 -0.671500
-1.360500 3.010000 -0.518500
-1.182500 3.042000 -0.415500
-1.268500 3.103000 -0.118500
-1.439500 3.119000 -0.131500
-1.092500 3.148000 -0.020500
-1.700500 3.148000 -0.151500
-1.142500 3.379000 -0.207500
-0.023500 1.055000 -0.685500
-0.286500 1.834000 -0.001500
-0.652500 2.648000 -0.578500
-0.258500 2.776000 0.228500
-0.151500 2.825000 -0.027500
-0.524500 3.028000 0.008500
-0.309500 3.071000 0.048500
-0.116500 3.122000 0.154500
0.058500 3.130000 -0.095500
-0.810500 3.147000 0.063500
-0.670500 3.156000 -0.594500
-0.366500 3.254000 -0.173500
-0.180500 3.294000 -0.096500
-0.858500 3.391000 -0.114500
-0.430500 3.421000 -0.427500
-0.625500 3.539000 -0.357500
-0.687500 3.671000 -0.604500
0.039500 3.680000 -0.114500
-0.471500 3.735000 -0.563500
-0.303500 3.794000 0.158500
-0.198500 3.823000 -0.110500
-0.382500 3.833000 -0.173500
-0.280500 3.838000 -0.456500
-0.021500 3.849000 -0.351500
0.243500 1.232000 -0.578500
0.340500 2.062000 -0.069500
0.520500 2.170000 -0.007500
0.554500 2.189000 -0.580500
0.127500 2.338000 0.100500
0.423500 2.671000 -0.359500
0.832500 2.743000 -0.507500
0.528500 2.892000 0.111500
0.722500 2.971000 0.221500
0.383500 3.112000 0.238500
0.951500 3.115000 0.042500
0.312500 3.184000 -0.058500
0.806500 3.199000 -0.563500
0.515500 3.206000 -0.629500
0.492500 3.259000 0.001500
0.336500 3.315000 -0.654500
0.172500 3.411000 -0.622500
0.436500 3.461000 -0.214500
1.067500 3.501000 -0.712500
0.267500 3.510000 -0.208500
0.631500 3.523000 -0.099500
1.569500 0.470000 0.157500
1.718500 0.744000 0.053500
1.829500 1.387000 -0.489500
1.329500 1.587000 0.175500
1.799500 1.822000 -0.563500
1.881500 1.832000 -0.219500
1.335500 1.921000 -0.664500
1.979500 2.009000 0.218500
1.872500 2.447000 -0.183500
1.961500 2.522000 0.200500
1.608500 2.540000 -0.206500
1.706500 2.670000 0.223500
1.817500 2.697000 -0.387500
1.432500 2.748000 -0.160500
1.308500 2.836000 0.233500
1.526500 2.854000 0.253500
1.760500 2.907000 -0.605500
1.570500 2.920000 -0.323500
1.253500 3.045000 0.022500
1.131500 3.386000 -0.452500
2.554500 -1.534000 -0.448500
2.373500 -1.425000 -0.452500
2.522500 -1.119000 -0.535500
2.215500 -0.395000 -0.198500
2.630500 -0.188000 0.024500
2.869500 -0.041000 -0.156500
2.314500 0.210000 -0.513500
2.291500 0.266000 0.200500
2.829500 0.303000 -0.286500
2.612500 0.352000 0.011500
2.767500 0.488000 -0.529500
2.546500 0.508000 -0.249500
2.470500 0.563000 -0.563500
2.443500 0.603000 0.077500
2.294500 0.693000 -0.543500
2.440500 0.970000 -0.644500
2.631500 1.246000 0.196500
2.451500 1.393000 0.202500
2.262500 1.432000 0.211500
2.406500 1.665000 0.045500
2.209500 1.693000 0.015500
2.330500 1.750000 -0.268500
2.137500 1.750000 -0.281500
-2.002500 -1.157000 0.836500
-2.056500 -0.876000 0.640500
-1.972500 -0.150000 1.085500
-2.329500 0.150000 0.911500
-2.819500 0.171000 0.728500
-2.877500 0.357000 0.503500
-2.685500 0.357000 0.595500
-2.712500 0.407000 1.212500
-2.592500 0.471000 1.004500
-2.351500 0.671000 0.881500
-2.403500 0.917000 0.687500
-1.947500 0.935000 0.376500
-2.006500 0.952000 1.073500
-2.476500 0.977000 0.386500
-2.382500 1.099000 0.800500
-2.071500 1.107000 0.816500
-2.416500 1.481000 0.698500
-2.473500 1.647000 0.475500
-2.069500 1.812000 0.907500
-2.168500 2.300000 0.547500
-2.087500 2.342000 0.897500
-1.923500 2.506000 0.663500
-1.255500 -1.379000 1.203500
-1.666500 0.954000 0.800500
-1.208500 0.956000 0.592500
-1.781500 0.975000 1.084500
-1.851500 1.043000 0.794500
-1.459500 1.087000 0.628500
-0.921500 1.244000 1.135500
-1.354500 1.251000 1.093500
-1.075500 1.372000 1.203500
-1.630500 1.932000 1.070500
-1.828500 1.948000 1.001500
-1.513500 2.011000 0.510500
-1.083500 2.029000 1.251500
-1.698500 2.046000 0.791500
-1.346500 2.058000 1.225500
-1.418500 2.117000 0.925500
-1.148500 2.199000 0.994500
-1.865500 2.322000 0.891500
-1.552500 2.361000 0.387500
-1.739500 2.381000 0.659500
-1.027500 2.443000 0.828500
-1.196500 2.467000 0.823500
-1.071500 2.747000 0.674500
-1.243500 2.785000 0.661500
-1.564500 2.929000 0.402500
-0.953500 2.960000 0.545500
-1.114500 3.095000 0.532500
-1.274500 3.177000 0.574500
-1.348500 3.224000 0.267500
-1.002500 3.252000 0.370500
-1.167500 3.299000 0.332500
-0.870500 -1.072000 1.077500
-0.750500 1.216000 1.203500
-0.020500 1.371000 1.072500
-0.079500 1.581000 0.846500
-0.544500 1.921000 1.044500
-0.093500 2.131000 0.853500
-0.051500 2.487000 1.071500
-0.817500 2.702000 1.092500
-0.902500 2.709000 0.731500
-0.102500 2.734000 0.886500
-0.226500 2.788000 1.243500
-0.171500 2.822000 0.605500
-0.294500 2.877000 0.967500
-0.587500 2.924000 0.982500
0.027500 2.981000 0.751500
-0.050500 2.986000 0.419500
-0.430500 3.151000 0.424500
-0.724500 3.165000 0.427500
-0.336500 3.219000 0.829500
-0.637500 3.225000 0.804500
-0.114500 3.309000 0.903500
0.989500 -1.751000 0.805500
0.882500 -1.743000 1.071500
0.711500 -1.684000 1.067500
0.823500 -0.822000 0.928500
0.665500 -0.098000 0.341500
0.393500 1.152000 1.091500
0.975500 2.299000 1.211500
0.444500 2.304000 0.402500
0.368500 2.354000 1.129500
0.216500 2.416000 0.490500
0.135500 2.558000 1.157500
0.598500 2.839000 0.402500
0.344500 2.853000 1.082500
0.098500 2.895000 1.041500
0.277500 2.938000 0.810500
0.806500 2.959000 0.572500
0.201500 2.976000 0.492500
0.609500 2.997000 1.180500
0.891500 3.007000 0.938500
1.025500 3.023000 0.345500
0.529500 3.033000 0.847500
0.708500 3.062000 0.892500
0.153500 3.237000 0.317500
1.509500 -1.762000 0.548500
1.300500 -0.888000 1.057500
1.987500 -0.450000 1.056500
1.816500 -0.237000 1.125500
1.955500 -0.058000 0.968500
1.728500 1.144000 0.912500
1.365500 1.231000 0.288500
1.777500 1.256000 0.363500
2.062500 1.352000 0.495500
1.965500 1.483000 1.185500
1.769500 1.498000 1.125500
1.691500 1.524000 0.796500
1.825500 1.667000 0.612500
1.929500 1.863000 1.078500
1.447500 1.936000 0.716500
2.063500 2.071000 0.582500
1.389500 2.106000 0.491500
1.885500 2.186000 0.926500
1.775500 2.253000 1.238500
1.101500 2.277000 0.580500
1.702500 2.296000 0.933500
1.496500 2.363000 0.976500
1.633500 2.391000 0.653500
1.757500 2.442000 0.414500
1.837500 2.446000 0.754500
1.587500 2.661000 0.487500
1.242500 2.771000 1.233500
1.389500 2.825000 0.574500
1.477500 2.865000 0.953500
1.179500 2.945000 0.987500
1.101500 2.990000 0.661500
2.633500 -0.507000 0.754500
2.255500 -0.484000 1.102500
2.452500 -0.422000 0.804500
2.571500 -0.386000 0.505500
2.227500 -0.033000 1.035500
2.539500 0.019000 0.417500
2.346500 0.035000 0.407500
2.434500 0.111000 0.788500
2.500500 0.371000 0.290500
2.199500 0.398000 0.964500
2.401500 0.513000 0.695500
2.190500 1.029000 0.998500
2.114500 1.108000 0.687500
2.398500 1.191000 0.759500
2.531500 1.369000 0.539500
2.338500 1.410000 0.530500
2.100500 1.677000 0.692500
2.200500 1.849000 1.135500
-2.143500 -0.390000 1.637500
-2.437500 -0.317000 1.569500
-2.212500 -0.241000 1.362500
-2.621500 -0.207000 1.524500
-2.472500 0.108000 1.471500
-2.651500 0.206000 1.447500
-2.230500 0.328000 1.353500
-2.514500 0.416000 1.328500
-2.259500 0.749000 1.280500
-1.924500 0.991000 1.428500
-0.978500 -1.219000 1.309500
-1.555500 -0.569000 1.862500
-0.960500 -0.394000 1.485500
-1.139500 -0.373000 1.816500
-1.409500 -0.326000 1.741500
-1.816500 -0.228000 1.739500
-1.200500 -0.163000 1.581500
-1.870500 -0.016000 1.536500
-1.570500 -0.011000 1.863500
-1.634500 0.095000 1.607500
-1.435500 0.139000 1.683500
-1.705500 0.164000 1.311500
-1.849500 0.913000 1.738500
-1.118500 1.223000 2.092500
-1.382500 1.258000 2.044500
-0.933500 1.258000 1.797500
-1.578500 1.260000 1.983500
-1.443500 1.402000 1.799500
-1.646500 1.419000 1.714500
-1.158500 1.552000 1.962500
-1.711500 1.578000 1.455500
-1.503500 1.615000 1.571500
-1.575500 1.733000 1.280500
-1.206500 1.809000 1.788500
-1.282500 1.875000 1.476500
-1.011500 1.929000 1.545500
-0.926500 1.990000 1.913500
-1.051500 2.300000 1.417500
-0.907500 2.735000 1.370500
-0.219500 -1.540000 2.016500
0.008500 -1.448000 1.740500
-0.503500 -0.195000 2.081500
-0.640500 0.170000 2.198500
-0.809500 0.250000 2.203500
-0.498500 0.596000 2.198500
-0.675500 0.617000 2.105500
-0.839500 0.654000 2.124500
0.064500 0.703000 1.355500
-0.549500 0.890000 2.013500
-0.715500 0.944000 1.973500
-0.880500 1.034000 1.995500
-0.065500 1.437000 1.767500
-0.124500 1.595000 1.537500
0.038500 1.598000 2.228500
-0.261500 1.618000 2.210500
-0.335500 1.645000 1.901500
-0.409500 1.729000 1.598500
-0.687500 1.752000 1.530500
-0.864500 1.849000 2.158500
-0.686500 1.907000 2.212500
-0.838500 1.954000 1.571500
-0.583500 1.988000 2.001500
-0.751500 2.014000 1.948500
0.068500 2.141000 1.542500
-0.429500 2.217000 1.567500
-0.048500 2.254000 1.940500
-0.347500 2.256000 1.920500
-0.875500 2.321000 1.459500
-0.119500 2.354000 1.647500
-0.613500 2.388000 1.920500
-0.486500 2.421000 1.350500
-0.682500 2.488000 1.638500
-0.180500 2.502000 1.408500
0.029500 2.523000 1.422500
-0.727500 2.786000 1.485500
-0.514500 2.851000 1.284500
0.777500 -1.855000 1.324500
0.540500 -1.737000 1.377500
0.361500 -1.099000 1.690500
0.551500 -0.962000 1.516500
0.671500 -0.590000 2.069500
0.599500 -0.546000 1.767500
1.026500 -0.487000 1.828500
0.856500 -0.423000 1.829500
0.960500 -0.318000 1.564500
0.202500 -0.191000 1.834500
0.162500 0.157000 1.709500
1.025500 0.253000 1.909500
0.278500 0.284000 1.501500
0.866500 0.345000 1.962500
0.383500 0.504000 1.970500
0.234500 0.559000 1.346500
0.985500 0.585000 1.779500
0.494500 0.639000 1.459500
0.665500 0.747000 2.199500
0.833500 0.763000 1.867500
0.604500 0.907000 1.957500
0.980500 1.245000 1.834500
0.810500 1.249000 1.827500
0.396500 1.301000 2.118500
0.231500 1.410000 2.148500
0.586500 1.438000 1.943500
0.677500 1.449000 1.289500
0.340500 1.472000 1.901500
0.931500 1.511000 1.656500
0.761500 1.519000 1.652500
0.527500 1.583000 1.709500
0.870500 1.673000 1.417500
0.463500 1.760000 1.461500
1.084500 1.898000 1.629500
0.211500 1.975000 2.129500
0.743500 2.022000 1.637500
0.143500 2.110000 1.854500
0.333500 2.142000 1.952500
0.852500 2.177000 1.399500
1.040500 2.196000 1.478500
0.603500 2.243000 2.111500
0.552500 2.522000 1.925500
0.896500 2.555000 1.629500
0.308500 2.661000 1.904500
0.733500 2.664000 1.670500
0.235500 2.701000 1.598500
0.492500 2.746000 1.697500
0.141500 2.767000 1.924500
0.418500 2.781000 1.389500
0.844500 2.823000 1.439500
0.674500 2.864000 1.439500
0.980500 3.063000 1.323500
0.798500 3.144000 1.282500
1.655500 -0.482000 1.318500
1.869500 -0.451000 1.324500
1.221500 0.262000 2.018500
1.458500 0.481000 1.883500
1.180500 0.648000 1.891500
2.037500 0.653000 1.396500
1.921500 0.680000 1.677500
1.708500 0.691000 1.678500
1.846500 0.730000 1.361500
1.884500 1.061000 1.561500
1.151500 1.079000 1.817500
1.671500 1.116000 1.570500
1.447500 1.121000 1.911500
2.019500 1.212000 1.383500
1.394500 1.352000 1.715500
1.701500 1.375000 1.726500
1.837500 1.401000 1.401500
1.118500 1.503000 1.727500
1.640500 1.532000 1.486500
1.348500 1.652000 1.551500
1.824500 1.971000 1.412500
1.401500 2.116000 1.832500
1.336500 2.234000 1.568500
1.639500 2.235000 1.567500
1.266500 2.310000 1.282500
1.576500 2.357000 1.310500
-1.063500 1.018000 2.302500
-0.447500 -0.360000 2.300500
-0.602500 -0.246000 2.309500
-0.032500 0.089000 3.001500
-0.085500 0.330000 2.807500
-0.155500 0.396000 2.516500
-0.431500 0.432000 2.462500
-0.198500 0.683000 2.366500
0.087500 1.287000 2.401500
-0.212500 1.298000 2.380500
-0.616500 1.801000 2.496500
-0.516500 1.849000 2.266500
0.174500 0.000000 2.616500
0.524500 0.319000 2.547500
0.704500 0.369000 2.320500
0.351500 0.412000 2.537500
0.155500 0.534000 2.599500
0.292500 0.594000 2.309500
0.477500 0.621000 2.382500
0.096500 0.698000 2.367500
0.335500 0.970000 2.537500
0.457500 1.148000 2.360500
0.156500 1.225000 2.687500
0.291500 1.268000 2.383500
