.\model\cherry_leaf.txt
1
0.8 0.8 0.1
135
0 1 2 1 2 2.1675 -8.1245 -0.714 1.43331 0.739938 0.300684 0.243721
1 2 2 3 4 1.43331 0.739938 0.300684 1.44713 1.52055 0.207823 0.222486
2 2 2 5 6 1.43331 0.739938 0.300684 -0.989523 1.93566 1.74457 0.0994987
3 3 2 7 8 1.44713 1.52055 0.207823 1.38678 2.07615 -0.00635842 0.167033
4 3 2 9 10 1.44713 1.52055 0.207823 2.45081 2.29099 0.732629 0.146969
5 3 2 11 12 -0.989523 1.93566 1.74457 -1.12833 2.07672 1.77349 0.0948683
6 3 0 -0.989523 1.93566 1.74457 -1.77655 1.2089 2.63969 0.03
7 4 2 13 14 1.38678 2.07615 -0.00635842 1.28346 2.42177 -0.178873 0.137477
8 4 2 15 16 1.38678 2.07615 -0.00635842 2.51293 3.22785 -1.93198 0.0948683
9 4 2 17 18 2.45081 2.29099 0.732629 2.73306 2.51751 0.902859 0.12
10 4 2 19 20 2.45081 2.29099 0.732629 2.12757 2.91226 1.41043 0.0848528
11 4 2 21 22 -1.12833 2.07672 1.77349 -1.70858 2.60857 1.6508 0.09
12 4 1 23 -1.12833 2.07672 1.77349 -0.638814 3.61982 2.74711 0.03
13 5 2 24 25 1.28346 2.42177 -0.178873 1.16203 2.78797 -0.283629 0.127279
14 5 2 26 27 1.28346 2.42177 -0.178873 -1.51102 4.14776 0.178923 0.0519615
15 5 2 28 29 2.51293 3.22785 -1.93198 2.68904 3.6256 -2.59808 0.0793725
16 5 2 47 48 2.51293 3.22785 -1.93198 4.36675 3.83365 -2.56778 0.0519615
17 5 2 30 31 2.73306 2.51751 0.902859 3.34134 2.86699 1.28289 0.0948683
18 5 2 32 33 2.73306 2.51751 0.902859 4.28983 3.91962 -0.105425 0.0734847
19 5 2 34 35 2.12757 2.91226 1.41043 2.07773 3.54231 2.17022 0.0793725
20 5 0 2.12757 2.91226 1.41043 1.96753 3.59184 1.14836 0.03
21 5 2 36 37 -1.70858 2.60857 1.6508 -2.18927 2.93025 1.49512 0.0734847
22 5 2 38 39 -1.70858 2.60857 1.6508 -2.16807 5.54511 2.58874 0.0519615
23 5 0 -0.638814 3.61982 2.74711 -0.7486 6.62859 4.02766 0.03
24 6 2 40 41 1.16203 2.78797 -0.283629 1.00196 3.36147 -0.349657 0.11225
25 6 2 65 42 1.16203 2.78797 -0.283629 0.586403 3.08774 -1.20269 0.06
26 6 2 43 44 -1.51102 4.14776 0.178923 -1.70129 4.20162 0.149004 0.0424264
27 6 0 -1.51102 4.14776 0.178923 -1.45395 4.40146 0.249251 0.03
28 6 2 45 46 2.68904 3.6256 -2.59808 2.72137 3.76462 -2.97148 0.0734847
29 6 0 2.68904 3.6256 -2.59808 4.27767 6.20735 -2.94852 0.03
30 6 2 49 50 3.34134 2.86699 1.28289 3.49491 2.92759 1.39578 0.09
31 6 0 3.34134 2.86699 1.28289 4.7169 2.15143 3.09326 0.03
32 6 2 51 52 4.28983 3.91962 -0.105425 4.43906 4.02208 -0.190478 0.067082
33 6 0 4.28983 3.91962 -0.105425 4.20122 3.96398 -0.636124 0.03
34 6 2 53 54 2.07773 3.54231 2.17022 2.23799 4.42965 2.9576 0.0734847
35 6 0 2.07773 3.54231 2.17022 1.12909 5.53228 5.20264 0.03
36 6 3 82 55 56 -2.18927 2.93025 1.49512 -3.84921 3.94624 1.06326 0.06
37 6 2 57 58 -2.18927 2.93025 1.49512 -2.71371 2.76508 0.779427 0.0424264
38 6 2 59 60 -2.16807 5.54511 2.58874 -2.21257 5.73631 2.62702 0.0424264
39 6 0 -2.16807 5.54511 2.58874 -1.99588 5.59365 2.49932 0.03
40 7 2 61 62 1.00196 3.36147 -0.349657 0.779294 4.1229 -0.286749 0.09
41 7 2 63 64 1.00196 3.36147 -0.349657 2.5885 4.75169 -0.697092 0.067082
42 7 1 66 0.586403 3.08774 -1.20269 0.505195 2.94381 -1.31534 0.03
43 7 1 67 -1.70129 4.20162 0.149004 -3.28016 4.07233 -0.610449 0.03
44 7 0 -1.70129 4.20162 0.149004 -2.86488 6.92563 1.70577 0.03
45 7 2 68 69 2.72137 3.76462 -2.97148 2.72794 3.81109 -3.1659 0.067082
46 7 0 2.72137 3.76462 -2.97148 2.15467 4.7581 -3.9983 0.03
47 6 2 70 71 4.36675 3.83365 -2.56778 5.14301 4.41795 -2.79524 0.0424264
48 6 0 4.36675 3.83365 -2.56778 4.43557 3.70731 -2.91937 0.03
49 7 2 72 73 3.49491 2.92759 1.39578 3.96417 3.0893 1.73241 0.0734847
50 7 2 74 75 3.49491 2.92759 1.39578 4.29993 4.67532 1.46296 0.0519615
51 7 2 76 77 4.43906 4.02208 -0.190478 4.5865 4.1253 -0.277691 0.06
52 7 0 4.43906 4.02208 -0.190478 4.97559 6.86239 0.0523925 0.03
53 7 2 78 79 2.23799 4.42965 2.9576 2.4486 5.20128 3.55635 0.06
54 7 2 80 81 2.23799 4.42965 2.9576 2.84036 4.43876 3.63532 0.0424264
55 7 0 -3.84921 3.94624 1.06326 -3.86895 4.32492 1.50362 0.03
56 7 0 -3.84921 3.94624 1.06326 -4.32938 4.1972 0.331341 0.03
57 7 0 -2.71371 2.76508 0.779427 -4.30263 3.20125 -0.655435 0.03
58 7 0 -2.71371 2.76508 0.779427 -2.87777 2.71853 0.883915 0.03
59 7 0 -2.21257 5.73631 2.62702 -2.41485 6.6877 2.53516 0.03
60 7 0 -2.21257 5.73631 2.62702 -2.38525 5.62314 3.18407 0.03
61 8 2 83 84 0.779294 4.1229 -0.286749 0.723066 4.31477 -0.291759 0.0848528
62 8 0 0.779294 4.1229 -0.286749 3.14108 6.23895 2.38559 0.03
63 8 2 85 86 2.5885 4.75169 -0.697092 2.77164 5.08522 -0.819965 0.06
64 8 0 2.5885 4.75169 -0.697092 4.0894 7.03881 0.394091 0.03
65 7 2 87 88 0.586403 3.08774 -1.20269 0.34821 3.49134 -1.57655 0.0519615
66 8 0 0.505195 2.94381 -1.31534 1.02791 3.36678 -4.74063 0.03
67 8 1 89 -3.28016 4.07233 -0.610449 -3.6419 4.02582 -0.774526 0.03
68 8 2 90 91 2.72794 3.81109 -3.1659 2.77532 3.85412 -3.76177 0.06
69 8 0 2.72794 3.81109 -3.1659 2.59775 3.00159 -3.66789 0.03
70 7 0 5.14301 4.41795 -2.79524 5.48998 4.52014 -2.89403 0.03
71 7 0 5.14301 4.41795 -2.79524 5.07717 4.41647 -2.98409 0.03
72 8 2 92 93 3.96417 3.0893 1.73241 4.2927 3.17033 1.94515 0.067082
73 8 0 3.96417 3.0893 1.73241 4.22053 2.77287 2.75641 0.03
74 8 2 94 95 4.29993 4.67532 1.46296 4.5557 6.39263 1.89477 0.0424264
75 8 0 4.29993 4.67532 1.46296 5.25467 6.17814 0.893465 0.03
76 8 2 96 97 4.5865 4.1253 -0.277691 4.86108 4.34209 -0.471156 0.0519615
77 8 0 4.5865 4.1253 -0.277691 5.27256 3.9601 -0.00962731 0.03
78 8 2 98 99 2.4486 5.20128 3.55635 2.51161 5.34294 3.68269 0.0519615
79 8 0 2.4486 5.20128 3.55635 1.70941 5.89671 5.10928 0.03
80 8 0 2.84036 4.43876 3.63532 4.74063 5.76402 4.15263 0.03
81 8 0 2.84036 4.43876 3.63532 2.73149 4.74795 4.47462 0.03
82 7 2 100 101 -3.84921 3.94624 1.06326 -5.17675 4.25192 1.1887 0.0424264
83 9 2 102 103 0.723066 4.31477 -0.291759 1.00855 5.57101 -1.89422 0.0424264
84 9 2 104 105 0.723066 4.31477 -0.291759 0.187498 4.72932 -0.00855826 0.0734847
85 9 2 106 107 2.77164 5.08522 -0.819965 3.295 6.28267 -1.31609 0.0519615
86 9 0 2.77164 5.08522 -0.819965 4.56415 6.1658 -1.92943 0.03
87 8 2 108 109 0.34821 3.49134 -1.57655 0.31092 4.1328 -2.31951 0.0424264
88 8 1 110 0.34821 3.49134 -1.57655 -0.509225 3.84067 -1.66247 0.03
89 9 0 -3.6419 4.02582 -0.774526 -4.20961 4.11411 -0.666104 0.03
90 9 2 111 112 2.77532 3.85412 -3.76177 2.79986 3.86036 -3.96016 0.0519615
91 9 0 2.77532 3.85412 -3.76177 3.90325 3.82496 -4.27576 0.03
92 9 2 113 114 4.2927 3.17033 1.94515 4.62535 3.16648 2.16563 0.06
93 9 0 4.2927 3.17033 1.94515 4.22751 3.33218 2.04291 0.03
94 9 0 4.5557 6.39263 1.89477 4.55211 6.39847 2.59595 0.03
95 9 0 4.5557 6.39263 1.89477 4.66533 6.6326 1.59591 0.03
96 9 2 115 116 4.86108 4.34209 -0.471156 5.10671 4.63288 -0.923297 0.0424264
97 9 0 4.86108 4.34209 -0.471156 5.37541 4.68648 0.00365737 0.03
98 9 2 117 118 2.51161 5.34294 3.68269 2.70385 5.59131 3.92574 0.0424264
99 9 0 2.51161 5.34294 3.68269 3.41417 5.90267 3.34028 0.03
100 8 0 -5.17675 4.25192 1.1887 -5.63223 4.02888 1.19982 0.03
101 8 0 -5.17675 4.25192 1.1887 -5.13912 4.38858 1.3298 0.03
102 10 0 1.00855 5.57101 -1.89422 2.78875 7.15519 -2.8316 0.03
103 10 0 1.00855 5.57101 -1.89422 0.875543 5.55691 -2.04292 0.03
104 10 2 119 120 0.187498 4.72932 -0.00855826 -0.0767794 6.5349 0.788304 0.067082
105 10 0 0.187498 4.72932 -0.00855826 -0.141032 4.76768 -0.228652 0.03
106 10 2 121 122 3.295 6.28267 -1.31609 3.42523 6.6148 -1.4962 0.0424264
107 10 0 3.295 6.28267 -1.31609 2.72374 7.23379 -1.16589 0.03
108 9 0 0.31092 4.1328 -2.31951 1.0083 4.57008 -3.63523 0.03
109 9 0 0.31092 4.1328 -2.31951 0.0164104 4.31461 -2.48483 0.03
110 9 0 -0.509225 3.84067 -1.66247 -0.753436 4.0106 -1.92668 0.03
111 10 2 123 124 2.79986 3.86036 -3.96016 2.94754 3.899 -4.94768 0.0424264
112 10 0 2.79986 3.86036 -3.96016 2.10642 3.89207 -4.93744 0.03
113 10 2 125 126 4.62535 3.16648 2.16563 4.7779 3.12321 2.28752 0.0519615
114 10 0 4.62535 3.16648 2.16563 5.64744 4.31824 1.33624 0.03
115 10 0 5.10671 4.63288 -0.923297 5.27769 5.51778 -1.94073 0.03
116 10 0 5.10671 4.63288 -0.923297 5.19052 4.316 -1.12177 0.03
117 10 0 2.70385 5.59131 3.92574 4.3026 6.12357 4.49326 0.03
118 10 0 2.70385 5.59131 3.92574 2.59883 5.52837 4.5056 0.03
119 11 2 127 128 -0.0767794 6.5349 0.788304 -0.0915615 6.70964 0.884454 0.06
120 11 0 -0.0767794 6.5349 0.788304 0.0839682 6.86321 2.53299 0.03
121 11 0 3.42523 6.6148 -1.4962 3.96518 7.31057 -2.28845 0.03
122 11 0 3.42523 6.6148 -1.4962 3.9775 6.68284 -1.34489 0.03
123 11 0 2.94754 3.899 -4.94768 2.97871 3.44377 -5.45058 0.03
124 11 0 2.94754 3.899 -4.94768 3.3036 4.04387 -5.04157 0.03
125 11 2 129 130 4.7779 3.12321 2.28752 4.97173 2.94954 2.57537 0.0424264
126 11 0 4.7779 3.12321 2.28752 4.87171 3.04109 2.13113 0.03
127 12 2 131 132 -0.0915615 6.70964 0.884454 -0.122749 7.05292 1.08728 0.0519615
128 12 0 -0.0915615 6.70964 0.884454 0.190383 8.00289 0.108508 0.03
129 12 0 4.97173 2.94954 2.57537 5.15895 2.61379 3.0358 0.03
130 12 0 4.97173 2.94954 2.57537 5.15663 2.94023 2.49969 0.03
131 13 2 133 134 -0.122749 7.05292 1.08728 -0.158401 7.19564 1.22279 0.0424264
132 13 0 -0.122749 7.05292 1.08728 -0.959954 7.64622 1.32951 0.03
133 14 0 -0.158401 7.19564 1.22279 -0.560751 7.52361 2.50129 0.03
134 14 0 -0.158401 7.19564 1.22279 0.365916 7.44653 1.20064 0.03
