.\model\cherry_leaf.txt
1
0.8 0.8 0.1
305
0 1 2 1 2 2.1675 -8.1245 -0.714 1.52404 0.314737 0.301157 0.222711
1 2 2 3 4 1.52404 0.314737 0.301157 1.44328 0.600193 0.343362 0.189737
2 2 2 5 6 1.52404 0.314737 0.301157 3.35393 2.29147 0.401156 0.116619
3 3 2 11 12 1.44328 0.600193 0.343362 1.75142 1.72464 0.290666 0.156205
4 3 2 7 8 1.44328 0.600193 0.343362 0.0879079 1.0865 0.889229 0.107703
5 3 2 9 10 3.35393 2.29147 0.401156 3.42144 2.35685 0.435331 0.0824621
6 3 2 16 17 3.35393 2.29147 0.401156 3.71013 3.59 -0.135214 0.0824621
7 4 1 13 0.0879079 1.0865 0.889229 -0.429927 1.17328 1.34514 0.0748331
8 4 1 14 0.0879079 1.0865 0.889229 -0.40185 2.91682 0.480355 0.0774597
9 4 2 24 25 3.42144 2.35685 0.435331 3.88405 3.08584 0.908592 0.072111
10 4 1 15 3.42144 2.35685 0.435331 4.01127 2.1798 1.41976 0.04
11 4 2 18 19 1.75142 1.72464 0.290666 1.79404 1.91275 0.343018 0.113137
12 4 2 20 21 1.75142 1.72464 0.290666 1.83521 2.41545 -0.862239 0.107703
13 5 2 35 36 -0.429927 1.17328 1.34514 -0.815399 1.40698 1.87274 0.0748331
14 5 2 22 23 -0.40185 2.91682 0.480355 -0.732422 3.41688 0.464164 0.0774597
15 5 2 26 27 4.01127 2.1798 1.41976 4.2137 2.37435 1.83178 0.04
16 4 2 28 29 3.71013 3.59 -0.135214 3.82902 3.85263 -0.213142 0.08
17 4 1 30 3.71013 3.59 -0.135214 3.17687 4.36469 -0.193014 0.02
18 5 2 31 49 1.79404 1.91275 0.343018 1.9309 2.9261 1.2824 0.1
19 5 2 50 32 1.79404 1.91275 0.343018 0.95199 2.76933 -0.0784678 0.052915
20 5 2 33 51 1.83521 2.41545 -0.862239 1.60602 2.96496 -1.2234 0.087178
21 5 1 34 1.83521 2.41545 -0.862239 2.1963 2.38487 -1.32896 0.0632456
22 6 2 37 38 -0.732422 3.41688 0.464164 -0.976371 3.85248 0.467768 0.06
23 6 1 39 -0.732422 3.41688 0.464164 -1.64498 3.52313 0.176792 0.0489898
24 5 2 40 41 3.88405 3.08584 0.908592 3.97194 3.30113 1.22908 0.052915
25 5 1 42 3.88405 3.08584 0.908592 4.18589 3.52816 0.715923 0.0489898
26 6 2 66 67 4.2137 2.37435 1.83178 4.4778 2.61503 2.43274 0.034641
27 6 0 4.2137 2.37435 1.83178 4.52823 1.96482 2.51905 0.02
28 5 2 43 69 3.82902 3.85263 -0.213142 3.93008 4.0027 -0.298193 0.069282
29 5 2 44 45 3.82902 3.85263 -0.213142 3.73683 4.19991 -0.958868 0.04
30 5 1 46 3.17687 4.36469 -0.193014 3.31778 5.13969 -0.123838 0.02
31 6 2 47 48 1.9309 2.9261 1.2824 1.94691 3.01892 1.31601 0.0894427
32 6 2 76 77 0.95199 2.76933 -0.0784678 0.402872 2.77678 -0.961111 0.0282843
33 6 2 78 79 1.60602 2.96496 -1.2234 1.53031 3.12975 -1.30767 0.072111
34 6 2 52 53 2.1963 2.38487 -1.32896 3.23239 2.84674 -2.13468 0.0632456
35 6 2 54 55 -0.815399 1.40698 1.87274 -0.961436 1.47556 2.12288 0.04
36 6 2 56 57 -0.815399 1.40698 1.87274 -1.47843 2.3394 1.6162 0.0632456
37 7 2 89 58 -0.976371 3.85248 0.467768 -1.06889 4.02903 0.483538 0.0565685
38 7 0 -0.976371 3.85248 0.467768 -1.01082 3.82517 1.06607 0.02
39 7 2 59 60 -1.64498 3.52313 0.176792 -2.06157 3.72445 -0.00956345 0.0489898
40 6 2 61 62 3.97194 3.30113 1.22908 3.99487 3.33795 1.31918 0.04
41 6 1 63 3.97194 3.30113 1.22908 4.05945 4.89727 1.66939 0.034641
42 6 2 64 65 4.18589 3.52816 0.715923 4.78991 4.0403 0.664006 0.0489898
43 6 2 68 104 3.93008 4.0027 -0.298193 4.20691 4.4525 -0.581186 0.0632456
44 6 1 70 3.73683 4.19991 -0.958868 3.64553 4.76295 -1.35634 0.034641
45 6 0 3.73683 4.19991 -0.958868 4.78566 4.0197 -1.48253 0.02
46 6 0 3.31778 5.13969 -0.123838 4.05666 7.43014 0.682987 0.02
47 7 2 109 71 1.94691 3.01892 1.31601 2.069 3.5973 1.26316 0.034641
48 7 2 110 111 1.94691 3.01892 1.31601 1.65293 4.17173 2.69451 0.0824621
49 6 2 72 73 1.9309 2.9261 1.2824 1.94012 3.23573 3.06172 0.0447214
50 6 2 74 75 0.95199 2.76933 -0.0784678 0.704965 3.18402 -0.202492 0.0447214
51 6 1 118 1.60602 2.96496 -1.2234 1.24484 2.87774 -1.6598 0.0489898
52 7 2 80 121 3.23239 2.84674 -2.13468 4.09582 3.34827 -2.56325 0.0447214
53 7 2 81 82 3.23239 2.84674 -2.13468 2.86281 4.03171 -3.37445 0.0447214
54 7 1 83 -0.961436 1.47556 2.12288 -1.90538 1.11451 2.88797 0.02
55 7 2 84 85 -0.961436 1.47556 2.12288 -0.894374 5.26059 3.12411 0.034641
56 7 2 126 86 -1.47843 2.3394 1.6162 -1.76807 3.16974 1.76717 0.0447214
57 7 2 87 88 -1.47843 2.3394 1.6162 -2.2284 2.45256 1.17212 0.0447214
58 8 0 -1.06889 4.02903 0.483538 -1.19281 4.14012 0.0231616 0.02
59 8 2 90 91 -2.06157 3.72445 -0.00956345 -2.5762 3.97905 -0.180632 0.04
60 8 2 92 93 -2.06157 3.72445 -0.00956345 -3.27113 3.36827 -0.726554 0.0282843
61 7 2 94 95 3.99487 3.33795 1.31918 4.15753 3.53689 1.74695 0.034641
62 7 1 133 3.99487 3.33795 1.31918 4.70959 3.17328 1.59707 0.02
63 7 2 96 97 4.05945 4.89727 1.66939 3.80545 5.62908 2.12021 0.034641
64 7 2 98 99 4.78991 4.0403 0.664006 4.86814 4.10129 0.676697 0.0447214
65 7 0 4.78991 4.0403 0.664006 5.66581 3.56236 -0.0780617 0.02
66 7 2 100 101 4.4778 2.61503 2.43274 4.63239 2.63366 2.68438 0.0282843
67 7 0 4.4778 2.61503 2.43274 3.99984 2.74922 2.90984 0.02
68 7 2 102 103 4.20691 4.4525 -0.581186 4.44933 4.66574 -0.811914 0.0489898
69 6 2 105 106 3.93008 4.0027 -0.298193 5.0124 4.24503 -0.485406 0.0282843
70 7 2 107 108 3.64553 4.76295 -1.35634 3.67672 5.61737 -2.0198 0.034641
71 8 0 2.069 3.5973 1.26316 3.35936 3.7724 1.93636 0.02
72 7 1 112 1.94012 3.23573 3.06172 2.2381 3.49628 3.36525 0.04
73 7 0 1.94012 3.23573 3.06172 1.5963 3.29777 3.2565 0.02
74 7 2 113 114 0.704965 3.18402 -0.202492 0.570844 3.55292 -0.274564 0.034641
75 7 2 115 116 0.704965 3.18402 -0.202492 0.458145 3.22636 -0.0639979 0.0282843
76 7 0 0.402872 2.77678 -0.961111 -1.23912 4.11105 -2.1781 0.02
77 7 0 0.402872 2.77678 -0.961111 0.0894626 2.31706 -1.92462 0.02
78 7 2 154 155 1.53031 3.12975 -1.30767 0.767165 3.87375 -1.9917 0.0565685
79 7 2 156 117 1.53031 3.12975 -1.30767 2.24601 4.93377 -1.22119 0.0447214
80 8 2 119 120 4.09582 3.34827 -2.56325 4.36985 3.63167 -2.86996 0.04
81 8 2 163 122 2.86281 4.03171 -3.37445 2.88327 4.15113 -3.64717 0.04
82 8 0 2.86281 4.03171 -3.37445 2.8242 4.76775 -3.38432 0.02
83 8 0 -1.90538 1.11451 2.88797 -1.92969 1.5979 3.01284 0.02
84 8 1 123 -0.894374 5.26059 3.12411 -1.96993 5.58547 3.49518 0.02
85 8 2 124 125 -0.894374 5.26059 3.12411 -0.791684 6.41586 3.79843 0.0282843
86 8 0 -1.76807 3.16974 1.76717 -1.46666 3.55282 1.80547 0.02
87 8 1 127 -2.2284 2.45256 1.17212 -2.68659 2.63115 1.08793 0.04
88 8 0 -2.2284 2.45256 1.17212 -2.4644 2.83058 0.493879 0.02
89 8 1 128 -1.06889 4.02903 0.483538 -1.57368 4.57389 0.75317 0.052915
90 9 2 129 130 -2.5762 3.97905 -0.180632 -2.94816 4.07862 -0.286758 0.034641
91 9 0 -2.5762 3.97905 -0.180632 -2.82282 4.47747 -0.441049 0.02
92 9 1 131 -3.27113 3.36827 -0.726554 -3.77655 3.41287 -1.02639 0.02
93 9 0 -3.27113 3.36827 -0.726554 -3.22428 3.4452 -1.13955 0.02
94 8 2 168 132 4.15753 3.53689 1.74695 4.30344 3.71582 1.93351 0.0282843
95 8 0 4.15753 3.53689 1.74695 3.72597 2.98505 2.71198 0.02
96 8 2 233 134 3.80545 5.62908 2.12021 3.76279 5.97797 2.47178 0.0282843
97 8 0 3.80545 5.62908 2.12021 3.1273 5.78498 2.08869 0.02
98 8 2 135 136 4.86814 4.10129 0.676697 5.0869 4.29441 0.744405 0.04
99 8 1 137 4.86814 4.10129 0.676697 4.81433 4.55766 0.661262 0.02
100 8 1 138 4.63239 2.63366 2.68438 4.94487 2.50314 3.05062 0.02
101 8 0 4.63239 2.63366 2.68438 4.95539 2.99982 2.6355 0.02
102 8 2 139 140 4.44933 4.66574 -0.811914 4.5154 4.69681 -0.88024 0.0447214
103 8 1 141 4.44933 4.66574 -0.811914 4.84406 5.49719 -0.540942 0.02
104 7 2 142 143 4.20691 4.4525 -0.581186 4.28645 6.32431 -0.704502 0.04
105 7 1 144 5.0124 4.24503 -0.485406 5.39413 4.25213 -0.792769 0.02
106 7 0 5.0124 4.24503 -0.485406 5.47084 4.47464 -0.369981 0.02
107 8 2 145 146 3.67672 5.61737 -2.0198 3.54651 6.60089 -2.11064 0.0282843
108 8 0 3.67672 5.61737 -2.0198 4.41727 6.42736 -3.39789 0.02
109 8 2 177 147 2.069 3.5973 1.26316 1.86661 4.25448 0.879579 0.0282843
110 8 1 148 1.65293 4.17173 2.69451 1.71283 4.67238 3.17375 0.0632456
111 8 2 149 150 1.65293 4.17173 2.69451 -0.229333 5.60563 2.52573 0.052915
112 8 2 151 152 2.2381 3.49628 3.36525 2.73885 4.23546 3.79758 0.04
113 8 2 184 185 0.570844 3.55292 -0.274564 0.546741 3.64864 -0.290593 0.0282843
114 8 1 153 0.570844 3.55292 -0.274564 0.170842 3.85181 -1.08599 0.02
115 8 0 0.458145 3.22636 -0.0639979 -0.430171 4.36566 0.419368 0.02
116 8 0 0.458145 3.22636 -0.0639979 -0.903224 3.87227 -1.04879 0.02
117 8 0 2.24601 4.93377 -1.22119 2.55378 5.30413 -1.01659 0.02
118 7 2 157 158 1.24484 2.87774 -1.6598 1.36641 2.90549 -3.37601 0.0489898
119 9 2 159 160 4.36985 3.63167 -2.86996 4.42414 3.68419 -2.93549 0.034641
120 9 1 161 4.36985 3.63167 -2.86996 4.23084 3.65183 -3.32231 0.02
121 8 1 162 4.09582 3.34827 -2.56325 4.74716 3.60732 -2.25242 0.02
122 9 0 2.88327 4.15113 -3.64717 3.34477 4.58057 -3.39864 0.02
123 9 0 -1.96993 5.58547 3.49518 -2.52964 5.54528 3.7027 0.02
124 9 0 -0.791684 6.41586 3.79843 -0.778874 7.04411 3.86355 0.02
125 9 0 -0.791684 6.41586 3.79843 -0.850112 6.55724 4.44911 0.02
126 8 2 201 202 -1.76807 3.16974 1.76717 -2.95592 3.75838 1.43293 0.04
127 9 2 164 165 -2.68659 2.63115 1.08793 -3.13855 2.83749 1.03272 0.04
128 9 2 231 232 -1.57368 4.57389 0.75317 -2.27977 5.49167 1.30776 0.052915
129 10 2 166 167 -2.94816 4.07862 -0.286758 -3.61047 4.09845 -0.502793 0.0282843
130 10 0 -2.94816 4.07862 -0.286758 -4.65092 4.36147 -0.0362158 0.02
131 10 0 -3.77655 3.41287 -1.02639 -4.5639 3.30698 -1.05283 0.02
132 9 0 4.30344 3.71582 1.93351 4.24519 3.85426 2.32268 0.02
133 8 0 4.70959 3.17328 1.59707 5.49421 3.01513 2.17593 0.02
134 9 0 3.76279 5.97797 2.47178 3.26116 6.4348 2.45162 0.02
135 9 2 169 170 5.0869 4.29441 0.744405 5.15825 4.35924 0.770984 0.034641
136 9 0 5.0869 4.29441 0.744405 4.99674 6.17789 1.72798 0.02
137 9 1 171 4.81433 4.55766 0.661262 4.89011 5.14676 0.677787 0.02
138 9 0 4.94487 2.50314 3.05062 5.20919 2.2604 3.50751 0.02
139 9 1 172 4.5154 4.69681 -0.88024 4.96179 4.76384 -1.41007 0.034641
140 9 1 173 4.5154 4.69681 -0.88024 4.40665 5.1239 -1.07268 0.0282843
141 9 1 174 4.84406 5.49719 -0.540942 4.98835 6.32142 -0.230502 0.02
142 8 2 175 176 4.28645 6.32431 -0.704502 4.23857 6.41134 -0.716004 0.034641
143 8 0 4.28645 6.32431 -0.704502 4.20026 7.37139 -1.93435 0.02
144 8 0 5.39413 4.25213 -0.792769 5.5054 3.97601 -1.41598 0.02
145 9 0 3.54651 6.60089 -2.11064 3.77374 7.46841 -2.47771 0.02
146 9 0 3.54651 6.60089 -2.11064 3.23611 7.16032 -1.77108 0.02
147 9 0 1.86661 4.25448 0.879579 1.2191 4.79607 0.677773 0.02
148 9 2 178 179 1.71283 4.67238 3.17375 1.79099 5.05734 3.48079 0.0632456
149 9 2 180 181 -0.229333 5.60563 2.52573 -0.256105 5.80301 2.51263 0.0489898
150 9 0 -0.229333 5.60563 2.52573 -0.889206 5.64939 2.37994 0.02
151 9 2 182 183 2.73885 4.23546 3.79758 2.77555 4.31862 3.83927 0.034641
152 9 0 2.73885 4.23546 3.79758 5.05223 6.07675 4.20097 0.02
153 9 1 186 0.170842 3.85181 -1.08599 -0.550523 4.26818 -1.80258 0.02
154 8 2 187 188 0.767165 3.87375 -1.9917 0.729941 4.22964 -2.33499 0.052915
155 8 1 189 0.767165 3.87375 -1.9917 0.0190255 4.21659 -2.41184 0.02
156 8 2 190 191 2.24601 4.93377 -1.22119 2.2745 5.18086 -1.86715 0.04
157 8 2 192 193 1.36641 2.90549 -3.37601 1.42851 3.13031 -3.92556 0.04
158 8 2 194 195 1.36641 2.90549 -3.37601 1.40724 2.67486 -3.5339 0.0282843
159 10 2 196 197 4.42414 3.68419 -2.93549 4.72108 3.89187 -3.09368 0.0282843
160 10 0 4.42414 3.68419 -2.93549 4.48651 4.36031 -2.60622 0.02
161 10 1 198 4.23084 3.65183 -3.32231 4.12146 3.67738 -4.01002 0.02
162 9 0 4.74716 3.60732 -2.25242 5.84545 4.09099 -2.7018 0.02
163 9 2 199 200 2.88327 4.15113 -3.64717 2.91637 4.15817 -3.94448 0.034641
164 10 2 203 204 -3.13855 2.83749 1.03272 -3.96971 3.38325 0.968359 0.034641
165 10 0 -3.13855 2.83749 1.03272 -3.93012 3.29986 -0.152964 0.02
166 11 0 -3.61047 4.09845 -0.502793 -4.66238 3.95405 -0.722149 0.02
167 11 0 -3.61047 4.09845 -0.502793 -4.01066 4.013 -1.2893 0.02
168 9 0 4.30344 3.71582 1.93351 5.59295 4.55332 1.62799 0.02
169 10 2 205 206 5.15825 4.35924 0.770984 5.22685 4.42654 0.798612 0.0282843
170 10 0 5.15825 4.35924 0.770984 5.72479 4.06943 0.779609 0.02
171 10 1 234 4.89011 5.14676 0.677787 4.94646 6.14129 0.678163 0.02
172 10 2 235 236 4.96179 4.76384 -1.41007 5.18936 4.88591 -1.83767 0.034641
173 10 2 237 238 4.40665 5.1239 -1.07268 4.70146 6.21573 -1.88448 0.0282843
174 10 0 4.98835 6.32142 -0.230502 5.12164 7.3733 0.02508 0.02
175 9 2 239 207 4.23857 6.41134 -0.716004 3.46477 7.00859 -0.901417 0.0282843
176 9 0 4.23857 6.41134 -0.716004 4.41772 7.21218 -0.228116 0.02
177 9 0 1.86661 4.25448 0.879579 1.80291 5.00594 -0.0773675 0.02
178 10 2 208 209 1.79099 5.05734 3.48079 1.81357 5.29222 3.66603 0.052915
179 10 2 242 210 1.79099 5.05734 3.48079 2.05566 5.04044 3.6054 0.034641
180 10 2 244 245 -0.256105 5.80301 2.51263 -0.237828 6.48864 2.63378 0.034641
181 10 2 270 246 -0.256105 5.80301 2.51263 -0.286303 6.77088 1.22374 0.034641
182 10 2 211 212 2.77555 4.31862 3.83927 3.14343 4.94227 4.17788 0.0282843
183 10 0 2.77555 4.31862 3.83927 2.74979 4.92569 4.908 0.02
184 9 1 213 0.546741 3.64864 -0.290593 0.011994 4.30282 -0.317548 0.02
185 9 1 214 0.546741 3.64864 -0.290593 1.21711 4.36223 -0.194353 0.02
186 10 0 -0.550523 4.26818 -1.80258 -0.790546 4.38228 -2.32014 0.02
187 9 2 215 216 0.729941 4.22964 -2.33499 0.752583 4.64451 -2.61139 0.0447214
188 9 2 217 218 0.729941 4.22964 -2.33499 1.07018 4.29374 -2.76231 0.0282843
189 9 0 0.0190255 4.21659 -2.41184 -0.149913 4.69237 -3.00501 0.02
190 9 2 219 220 2.2745 5.18086 -1.86715 2.3742 5.37231 -2.30988 0.034641
191 9 0 2.2745 5.18086 -1.86715 1.82744 5.34389 -1.9691 0.02
192 9 2 221 222 1.42851 3.13031 -3.92556 1.40908 3.20678 -4.10913 0.034641
193 9 1 223 1.42851 3.13031 -3.92556 2.00107 3.44781 -4.07348 0.02
194 9 1 224 1.40724 2.67486 -3.5339 2.32105 2.58524 -3.89608 0.02
195 9 0 1.40724 2.67486 -3.5339 1.00427 2.77783 -4.04253 0.02
196 11 1 254 4.72108 3.89187 -3.09368 5.31242 4.25916 -3.15498 0.02
197 11 0 4.72108 3.89187 -3.09368 4.79077 4.04185 -3.46457 0.02
198 11 0 4.12146 3.67738 -4.01002 3.84349 3.67429 -4.95891 0.02
199 10 2 225 226 2.91637 4.15817 -3.94448 3.00494 4.14862 -4.33413 0.0282843
200 10 0 2.91637 4.15817 -3.94448 2.53338 4.61733 -5.15147 0.02
201 9 2 227 228 -2.95592 3.75838 1.43293 -3.41572 4.13659 1.3625 0.034641
202 9 0 -2.95592 3.75838 1.43293 -5.04879 4.37448 1.99305 0.02
203 11 2 229 230 -3.96971 3.38325 0.968359 -4.34744 3.68443 0.841662 0.0282843
204 11 0 -3.96971 3.38325 0.968359 -5.83701 3.54145 1.05105 0.02
205 11 1 283 5.22685 4.42654 0.798612 5.54661 4.78751 0.92463 0.02
206 11 0 5.22685 4.42654 0.798612 5.74491 4.43072 0.0955193 0.02
207 10 0 3.46477 7.00859 -0.901417 2.71397 7.25139 -0.517027 0.02
208 11 2 240 266 1.81357 5.29222 3.66603 1.82023 5.54767 3.9684 0.0489898
209 11 1 241 1.81357 5.29222 3.66603 2.20434 5.8735 3.39168 0.02
210 11 1 243 2.05566 5.04044 3.6054 2.00295 5.0357 4.3569 0.02
211 11 1 271 3.14343 4.94227 4.17788 3.62077 5.54603 4.39154 0.02
212 11 0 3.14343 4.94227 4.17788 2.93155 5.37896 4.77008 0.02
213 10 0 0.011994 4.30282 -0.317548 -0.97115 4.78817 -0.301427 0.02
214 10 0 1.21711 4.36223 -0.194353 1.56545 4.73468 -0.454315 0.02
215 10 2 247 248 0.752583 4.64451 -2.61139 0.850596 5.11548 -2.63939 0.034641
216 10 2 249 250 0.752583 4.64451 -2.61139 0.557952 4.66969 -2.81128 0.0282843
217 10 1 251 1.07018 4.29374 -2.76231 1.16343 4.49628 -3.93072 0.02
218 10 0 1.07018 4.29374 -2.76231 2.19287 5.06776 -3.46644 0.02
219 10 2 274 275 2.3742 5.37231 -2.30988 2.73235 6.59528 -2.45976 0.0282843
220 10 0 2.3742 5.37231 -2.30988 2.56018 5.29873 -2.85245 0.02
221 10 2 252 253 1.40908 3.20678 -4.10913 1.35246 3.26091 -4.293 0.0282843
222 10 0 1.40908 3.20678 -4.10913 2.1875 4.01616 -5.51414 0.02
223 10 0 2.00107 3.44781 -4.07348 3.09113 3.37264 -4.90697 0.02
224 10 0 2.32105 2.58524 -3.89608 3.19238 2.78871 -5.4279 0.02
225 11 0 3.00494 4.14862 -4.33413 3.38731 4.18206 -4.99827 0.02
226 11 0 3.00494 4.14862 -4.33413 2.70341 4.14172 -4.66179 0.02
227 10 2 255 256 -3.41572 4.13659 1.3625 -3.6655 4.30188 1.35933 0.0282843
228 10 1 257 -3.41572 4.13659 1.3625 -3.51832 4.33525 0.943736 0.02
229 12 1 277 -4.34744 3.68443 0.841662 -4.87452 3.94571 0.756735 0.02
230 12 0 -4.34744 3.68443 0.841662 -4.66158 4.09794 0.276224 0.02
231 10 2 258 259 -2.27977 5.49167 1.30776 -2.6546 6.16663 1.43904 0.04
232 10 2 260 282 -2.27977 5.49167 1.30776 -2.17295 5.72028 2.03208 0.034641
233 9 0 3.76279 5.97797 2.47178 4.22729 6.21769 3.26301 0.02
234 11 0 4.94646 6.14129 0.678163 4.80073 7.11204 0.699099 0.02
235 11 2 284 261 5.18936 4.88591 -1.83767 5.39435 5.03917 -2.37868 0.0282843
236 11 0 5.18936 4.88591 -1.83767 5.72091 4.93491 -1.89444 0.02
237 11 1 262 4.70146 6.21573 -1.88448 4.64974 6.80462 -2.41116 0.02
238 11 0 4.70146 6.21573 -1.88448 4.99472 6.22303 -2.29005 0.02
239 10 1 263 3.46477 7.00859 -0.901417 3.07882 7.30224 -1.0209 0.02
240 12 2 264 265 1.82023 5.54767 3.9684 1.78439 5.66249 4.24247 0.0447214
241 12 0 2.20434 5.8735 3.39168 2.83193 6.27153 2.96367 0.02
242 11 2 287 267 2.05566 5.04044 3.6054 2.64364 5.5668 3.56969 0.0282843
243 12 0 2.00295 5.0357 4.3569 2.40031 5.3527 4.83089 0.02
244 11 2 288 268 -0.237828 6.48864 2.63378 -0.281707 6.78242 2.66999 0.0282843
245 11 1 269 -0.237828 6.48864 2.63378 0.181564 6.85838 2.60773 0.02
246 11 0 -0.286303 6.77088 1.22374 -0.176614 7.13677 0.204543 0.02
247 11 2 272 273 0.850596 5.11548 -2.63939 0.899876 5.3003 -2.58186 0.0282843
248 11 0 0.850596 5.11548 -2.63939 1.10044 5.37901 -2.92224 0.02
249 11 0 0.557952 4.66969 -2.81128 0.467627 4.70915 -3.5784 0.02
250 11 0 0.557952 4.66969 -2.81128 0.238337 5.1286 -2.41406 0.02
251 11 0 1.16343 4.49628 -3.93072 1.92184 4.55158 -4.9176 0.02
252 11 1 292 1.35246 3.26091 -4.293 1.19703 3.54356 -5.00852 0.02
253 11 0 1.35246 3.26091 -4.293 0.464005 3.52974 -4.82522 0.02
254 12 0 5.31242 4.25916 -3.15498 5.58016 4.76696 -3.18999 0.02
255 11 1 276 -3.6655 4.30188 1.35933 -4.30357 4.57699 1.41681 0.02
256 11 0 -3.6655 4.30188 1.35933 -3.89807 4.60074 1.87578 0.02
257 11 0 -3.51832 4.33525 0.943736 -4.32046 4.59104 0.817236 0.02
258 11 2 278 279 -2.6546 6.16663 1.43904 -2.56678 7.15881 1.82688 0.034641
259 11 0 -2.6546 6.16663 1.43904 -3.0451 6.26533 1.19372 0.02
260 11 2 280 281 -2.17295 5.72028 2.03208 -2.17715 5.76358 2.12212 0.0282843
261 12 0 5.39435 5.03917 -2.37868 5.4923 5.05102 -2.36239 0.02
262 12 0 4.64974 6.80462 -2.41116 4.33421 7.57901 -2.69629 0.02
263 11 0 3.07882 7.30224 -1.0209 2.52214 7.69377 -1.15134 0.02
264 13 2 285 286 1.78439 5.66249 4.24247 1.63797 5.71508 4.60319 0.04
265 13 0 1.78439 5.66249 4.24247 2.3643 5.97112 4.34753 0.02
266 12 0 1.82023 5.54767 3.9684 1.40433 6.13425 4.30916 0.02
267 12 0 2.64364 5.5668 3.56969 2.98708 5.6892 3.02229 0.02
268 12 0 -0.281707 6.78242 2.66999 -0.737599 7.33755 3.24735 0.02
269 12 1 289 0.181564 6.85838 2.60773 0.333294 7.1853 2.26466 0.02
270 11 2 290 291 -0.286303 6.77088 1.22374 0.0651487 7.45379 0.758665 0.0282843
271 12 1 303 3.62077 5.54603 4.39154 4.01827 5.96028 4.56129 0.02
272 12 0 0.899876 5.3003 -2.58186 0.933223 5.45596 -2.46226 0.02
273 12 0 0.899876 5.3003 -2.58186 0.491811 5.50071 -2.43064 0.02
274 11 0 2.73235 6.59528 -2.45976 3.15628 7.31527 -2.93915 0.02
275 11 0 2.73235 6.59528 -2.45976 2.37451 7.43257 -1.7468 0.02
276 12 0 -4.30357 4.57699 1.41681 -5.19669 4.73569 1.73325 0.02
277 13 0 -4.87452 3.94571 0.756735 -5.84126 3.82784 0.90545 0.02
278 12 2 298 293 -2.56678 7.15881 1.82688 -2.52943 7.24849 1.85061 0.0282843
279 12 0 -2.56678 7.15881 1.82688 -2.93451 7.3693 2.01679 0.02
280 12 0 -2.17715 5.76358 2.12212 -2.33932 6.001 2.86629 0.02
281 12 0 -2.17715 5.76358 2.12212 -2.48863 5.48789 2.93724 0.02
282 11 0 -2.17295 5.72028 2.03208 -1.14309 7.35994 1.26812 0.02
283 12 0 5.54661 4.78751 0.92463 5.55794 5.98073 0.56639 0.02
284 12 0 5.39435 5.03917 -2.37868 5.16033 5.71597 -2.79897 0.02
285 14 2 294 295 1.63797 5.71508 4.60319 1.57941 5.71535 4.68425 0.034641
286 14 0 1.63797 5.71508 4.60319 1.75246 5.95255 5.29101 0.02
287 12 1 296 2.64364 5.5668 3.56969 3.24647 6.22917 3.52808 0.02
288 12 1 297 -0.281707 6.78242 2.66999 -0.425039 7.30213 2.46337 0.02
289 13 1 301 0.333294 7.1853 2.26466 0.573099 7.58108 1.61465 0.02
290 12 1 302 0.0651487 7.45379 0.758665 0.134786 7.85798 0.477716 0.02
291 12 0 0.0651487 7.45379 0.758665 0.563875 7.48713 0.481946 0.02
292 12 0 1.19703 3.54356 -5.00852 1.76647 4.05053 -5.59821 0.02
293 13 0 -2.52943 7.24849 1.85061 -1.61545 7.73924 1.58403 0.02
294 15 2 299 300 1.57941 5.71535 4.68425 1.21207 5.64329 5.01009 0.0282843
295 15 0 1.57941 5.71535 4.68425 0.775335 5.45301 4.70415 0.02
296 13 0 3.24647 6.22917 3.52808 3.77157 6.23925 3.79335 0.02
297 13 1 304 -0.425039 7.30213 2.46337 -0.571477 7.68056 2.02175 0.02
298 13 0 -2.52943 7.24849 1.85061 -1.38466 8.17971 1.73987 0.02
299 16 0 1.21207 5.64329 5.01009 0.791865 5.49009 5.18587 0.02
300 16 0 1.21207 5.64329 5.01009 1.24844 5.79596 5.53874 0.02
301 14 0 0.573099 7.58108 1.61465 0.834821 7.74081 0.913347 0.02
302 13 0 0.134786 7.85798 0.477716 0.129469 8.23511 0.150935 0.02
303 13 0 4.01827 5.96028 4.56129 4.69286 6.14503 4.68419 0.02
304 14 0 -0.571477 7.68056 2.02175 -0.254205 8.0656 1.27608 0.02
