0.405742
0.405989
0.405989
0.414668
0.421219
0.421219
0.421219
0.421219
0.432707
0.432707
0.432707
0.451144
0.451144
0.463814
0.464989
0.464997
0.470787
0.474751
0.474751
0.482748
0.482748
0.482748
0.502816
0.502816
0.502816
0.503334
0.511974
0.511974
0.511974
0.511974
0.517166
0.536447
0.547357
0.560283
0.571311
0.578969
0.583962
0.584402
0.593021
0.595720
0.614268
0.624237
0.652547
0.663558
0.679107
0.684469
0.696209
0.706993
0.707731
0.721920
0.721920
0.732717
0.761781
0.773109
0.773221
0.792605
0.794966
0.803152
0.825389
0.829702
0.841525
0.858967
0.859080
0.871600
0.873674
0.883218
0.883310
0.890103
0.915365
0.947482
0.949126
0.950667
1.013258
1.028484
1.030491
1.050958
1.052242
1.052811
1.061892
1.084616
1.090946
1.107871
1.124891
1.126616
1.141932
1.149073
1.166085
1.180610
1.195890
1.200989
1.219676
1.273443
1.285868
1.306009
1.310397
1.311436
1.325158
1.342774
1.346526
1.346526
1.385784
1.399154
1.416147
1.427715
1.458448
1.468296
1.470003
1.473404
1.505438
1.520225
1.531385
1.547941
1.565297
1.565297
1.595177
1.606907
1.610812
1.614991
1.645766
1.646636
1.646636
1.654527
1.660129
1.664443
1.664443
1.666822
1.672769
1.672769
1.685362
1.697364
1.710750
1.749323
1.753781
1.799973
1.806157
1.806157
1.839691
1.862694
1.869876
1.869876
1.869876
1.869876
1.885937
1.887653
1.924471
1.939263
1.962381
1.978440
2.010699
2.010699
2.065932
2.072786
2.072786
2.085880
2.087802
2.092176
2.108052
2.108052
2.125869
2.140893
2.193322
2.212677
2.232344
2.244170
2.256733
2.271767
2.306848
2.342527
2.355658
2.370920
2.370920
2.387979
2.399013
2.417918
2.417918
2.432543
2.438761
2.467656
2.484766
2.507456
2.511921
2.519383
2.554828
2.577509
2.577509
2.611174
2.615940
2.635323
2.660446
2.683365
2.683628
2.683628
2.683628
2.683628
2.715769
2.725791
2.764908
2.764915
2.764915
2.783321
2.801334
2.801334
2.906180
2.915002
2.915002
2.956956
3.002237
3.014053
3.029388
3.029388
3.029388
3.056564
3.100419
3.112786
3.113492
3.142925
3.158810
3.158810
3.219190
3.243066
3.243066
3.258732
3.270241
3.270241
3.305353
3.307916
3.324383
3.327620
3.327895
3.327895
3.349037
3.376212
3.419642
3.422742
3.428303
3.477600
3.514500
3.566633
3.589915
3.607852
3.607852
3.619773
3.623013
3.654715
3.661344
3.670886
3.670886
3.687744
3.687744
3.687744
3.697379
3.716337
3.718036
3.750761
3.796040
3.832454
3.857026
3.858331
3.876939
3.877304
3.881060
3.889154
3.902503
3.903341
3.941030
3.953986
3.983297
3.988208
4.020587
4.030517
4.031061
4.060675
4.077512
4.088014
4.118648
4.166512
4.206810
4.206810
4.209910
4.233694
4.234803
4.234803
4.234803
4.251482
4.256175
4.261252
4.267526
4.269992
4.286536
4.292593
4.309473
4.343231
4.348413
4.348413
4.351820
4.376041
4.376041
4.384581
4.429705
4.447213
4.476708
4.483174
4.550269
4.592309
4.592914
4.604387
4.614978
4.614978
4.615544
4.615544
4.628482
4.641121
4.642759
4.645599
4.665684
4.704771
4.718021
4.728745
4.739315
4.743215
4.825796
4.829171
4.842883
4.892100
4.935325
4.974438
4.976899
5.002420
5.029129
5.029129
5.035051
5.057202
5.057202
5.057323
5.090842
5.105748
5.105748
5.118915
5.126102
5.138087
5.148965
5.181278
5.198148
5.200423
5.204896
5.212439
5.222088
5.250782
5.270545
5.272739
5.285585
5.285585
5.331932
5.334580
5.356462
5.372596
5.424702
5.431160
5.432410
5.449542
5.456945
5.458337
5.458337
5.467486
5.483418
5.511555
5.541329
5.603767
5.623253
5.690036
5.690036
5.710474
5.720666
5.725143
5.744076
5.745968
5.761914
5.761914
5.783670
5.832643
5.844083
5.863299
5.871208
5.903004
5.906787
5.914855
5.952262
5.976109
5.976109
6.017647
6.017647
6.017647
6.019549
6.026913
6.047625
6.066723
6.079761
6.089231
6.090228
6.099673
6.106210
6.131928
6.135056
6.162236
6.162236
6.162254
6.172215
6.181983
6.181983
6.202314
6.224773
6.246383
6.263749
6.277192
6.282067
6.318690
6.330446
6.332454
6.364649
6.386738
6.402729
6.412718
6.413954
6.423036
6.444726
6.461884
6.466618
6.490461
6.500089
6.500089
6.505915
6.505988
6.516835
6.524010
6.565863
6.587606
6.610412
6.635215
6.670066
6.694674
6.733861
6.789440
6.829694
6.829694
6.860267
6.892654
6.944897
6.950675
6.981547
6.985336
6.993725
7.011886
7.016641
7.016641
7.016641
7.016875
7.016875
7.016875
7.020282
7.026288
7.048638
7.093884
7.127159
7.160153
7.189338
7.194495
7.198321
7.220162
7.256298
7.327197
7.352386
7.376512
7.427133
7.446849
7.446849
7.453508
7.532058
7.540230
7.549414
7.550728
7.567694
7.589098
7.596318
7.596318
7.596318
7.613008
7.613617
7.613617
7.614141
7.615438
7.625646
7.625646
7.628749
7.666590
7.688861
7.718230
7.743250
7.743250
7.784519
7.816259
7.854162
7.895908
7.979688
7.995645
8.062430
8.071722
8.073098
8.081694
8.098573
8.116699
8.134666
8.135640
8.136397
8.171887
8.171887
8.172984
8.177857
8.196616
8.222259
8.227523
8.258347
8.258544
8.259229
8.268809
8.295109
8.302586
8.367903
8.376247
8.407885
8.432432
8.485530
8.513198
8.570059
8.607994
8.701810
8.709647
8.811159
8.834862
8.873415
8.896949
8.931968
8.949168
8.972090
9.034657
9.054181
9.090388
9.107420
9.131840
9.166206
9.182904
9.253538
9.272813
9.326809
9.337148
9.351666
9.372676
9.381990
9.451598
9.457537
9.522102
9.536670
9.554402
9.584162
9.607553
9.635395
9.645609
9.704125
9.708941
9.758483
9.781578
9.809085
9.831571
9.852837
9.863493
9.866405
9.868212
9.868212
9.929028
9.946937
10.004304
10.004307
10.004307
10.049716
10.066527
10.066527
10.066646
10.072836
10.100659
10.118293
10.120406
10.138934
10.185698
10.199848
10.221302
10.249484
10.253212
10.344005
10.344005
10.379096
10.393607
10.462900
10.476101
10.517811
10.528745
10.543094
10.564827
10.587790
10.650453
10.680444
10.686614
10.710916
10.710916
10.731620
10.731620
10.762633
10.780457
10.817094
10.824300
10.838685
10.843267
10.845993
10.886814
10.902933
10.930670
10.965538
11.005446
11.024397
11.052829
11.056020
11.056325
11.091738
11.095494
11.111705
11.125545
11.160073
11.203985
11.212114
11.216734
11.232707
11.241653
11.242414
11.267021
11.267021
11.332862
11.369946
11.370218
11.381937
11.399687
11.452317
11.511378
11.528905
11.550875
11.593167
11.593383
11.607221
11.609383
11.616804
11.650851
11.657066
11.679079
11.728372
11.728372
11.736528
11.774641
11.793111
11.793111
11.813838
11.855747
11.865879
11.875686
11.907791
11.923141
11.956483
12.001312
12.004347
12.054106
12.054471
12.096521
12.108387
12.149844
12.216750
12.222111
12.235908
12.255108
12.262284
12.280058
12.281288
12.282401
12.296912
12.296912
12.297222
12.298198
12.304857
12.305071
12.331706
12.372193
12.405642
12.422652
12.437966
12.460351
12.474956
12.513510
12.538412
12.538412
12.560346
12.600016
12.604087
12.604087
12.604087
12.604087
12.606749
12.616876
12.626793
12.635298
12.635442
12.635442
12.653912
12.654800
12.662276
12.662276
12.686479
12.717744
12.725356
12.734013
12.766360
12.766360
12.769859
12.797767
12.867790
12.873836
12.876255
12.879124
12.903532
12.927861
12.953065
12.984984
13.003167
13.017181
13.030474
13.030474
13.040921
13.058079
13.066930
13.080887
13.080887
13.080887
