2.1675 -8.1245 -0.714 -1 1
2.18198 -7.92663 -0.688722 0 1
2.18994 -7.72753 -0.671522 1 1
2.19502 -7.52871 -0.650477 2 1
2.20313 -7.33004 -0.628934 3 1
2.2083 -7.13129 -0.607164 4 1
2.21254 -6.93211 -0.589598 5 1
2.21522 -6.73254 -0.576817 6 1
2.21512 -6.53295 -0.56392 7 1
2.21526 -6.33336 -0.55118 8 1
2.2121 -6.13363 -0.541266 9 1
2.20665 -5.93376 -0.53672 10 1
2.201 -5.73395 -0.530004 11 1
2.19287 -5.53424 -0.523016 12 1
2.18375 -5.33465 -0.513916 13 1
2.17671 -5.13512 -0.502216 14 1
2.16756 -4.93591 -0.487045 15 1
2.15679 -4.73724 -0.466686 16 1
2.14564 -4.53884 -0.443996 17 1
2.13548 -4.34063 -0.419305 18 1
2.12432 -4.14272 -0.392722 19 1
2.11316 -3.94481 -0.366138 20 1
2.09917 -3.7472 -0.338634 21 1
2.09011 -3.54942 -0.310328 22 1
2.08055 -3.35146 -0.283498 23 1
2.07407 -3.15363 -0.254826 24 1
2.06697 -2.95577 -0.226578 25 1
2.06194 -2.75762 -0.199913 26 1
2.05311 -2.5594 -0.174801 27 1
2.04427 -2.36118 -0.149689 28 1
2.03525 -2.16307 -0.123763 29 1
2.00724 -1.96762 -0.0918793 30 1
1.97363 -1.77262 -0.0628103 31 1
1.93599 -1.57837 -0.0336997 32 1
1.89798 -1.3846 -0.00189949 33 1
1.84978 -1.1936 0.0326946 34 1
1.79984 -1.0033 0.0686236 35 1
1.73896 -0.816379 0.105413 36 1
1.68506 -0.627013 0.140562 37 1
1.64175 -0.433846 0.16903 38 1
1.60082 -0.239886 0.195566 39 1
1.57636 -0.0422849 0.214427 40 1
1.54421 0.153673 0.23823 41 1
1.50886 0.349371 0.259506 42 1
1.46764 0.543877 0.28114 43 1
1.43331 0.739938 0.300684 44 2
1.41395 0.938208 0.318418 45 1
1.23501 0.734803 0.326193 45 1
1.4025 1.13777 0.311892 46 1
1.0601 0.780689 0.411639 47 1
1.43695 1.32888 0.264035 48 1
0.890318 0.828914 0.5057 49 1
1.44713 1.52055 0.207823 50 2
0.723799 0.86932 0.608845 51 1
1.43701 1.70974 0.143758 52 1
1.6344 1.55919 0.266429 52 1
0.56249 0.914047 0.718293 53 1
1.4234 1.89663 0.073857 54 1
1.7999 1.6387 0.34575 55 1
0.406575 0.96636 0.832108 56 1
1.38678 2.07615 -0.00635842 57 2
1.92437 1.76959 0.431617 58 1
0.256532 1.01648 0.954481 59 1
1.33848 2.248 -0.0965493 60 1
1.51687 2.05321 -0.15653 60 1
2.05358 1.89829 0.513725 61 1
0.109333 1.06291 1.08167 62 1
1.28346 2.42177 -0.178873 63 2
1.61964 2.09122 -0.323843 64 1
2.1844 2.02878 0.590266 65 1
-0.0283023 1.12006 1.21505 66 1
1.22089 2.60256 -0.237171 67 1
1.11035 2.41232 -0.079155 67 1
1.71475 2.13922 -0.493103 68 1
2.31741 2.16043 0.660798 69 1
-0.167329 1.17647 1.3473 70 1
1.16203 2.78797 -0.283629 71 2
0.92651 2.47026 -0.0258145 72 1
1.78691 2.20913 -0.666038 73 1
2.45081 2.29099 0.732629 74 2
-0.315109 1.2682 1.44602 75 1
1.11357 2.97881 -0.318729 76 1
1.06535 2.73357 -0.450042 76 1
0.754859 2.55722 0.0287222 77 1
1.83656 2.29889 -0.837729 78 1
2.58958 2.40644 0.818729 79 1
-0.46385 1.37854 1.52152 80 1
1.06084 3.17059 -0.339674 81 1
2.32031 2.37156 0.860997 79 1
0.974838 2.72032 -0.627896 82 1
0.582256 2.65487 0.0546577 83 1
1.88827 2.40976 -0.995951 84 1
2.73306 2.51751 0.902859 85 2
-0.604965 1.50137 1.59223 86 1
1.00196 3.36147 -0.349657 87 2
2.24666 2.4801 1.01198 88 1
0.871278 2.75442 -0.795564 89 1
0.417423 2.76475 0.0821631 90 1
1.96854 2.53882 -1.12594 91 1
2.87975 2.6208 0.991255 92 1
-0.730559 1.64654 1.64838 93 1
0.934682 3.54968 -0.35673 94 1
2.82656 2.54353 0.727985 92 1
1.16924 3.41468 -0.445489 94 1
2.20488 2.62189 1.1467 95 1
0.773073 2.84862 -0.942132 96 1
0.259272 2.88633 0.0965358 97 1
2.06631 2.67427 -1.23592 98 1
3.03563 2.71184 1.07735 99 1
-0.858319 1.79113 1.70102 100 1
0.868913 3.73827 -0.346339 101 1
2.9232 2.66515 0.602015 102 1
1.32755 3.53053 -0.484447 103 1
2.16745 2.76317 1.28323 104 1
0.680374 2.96495 -1.07583 105 1
0.105602 3.01272 0.116793 106 1
2.17949 2.78071 -1.36186 107 1
3.18808 2.79569 1.17599 108 1
-0.989523 1.93566 1.74457 109 2
0.816277 3.92766 -0.309453 110 1
3.03205 2.80458 0.508676 111 1
1.46074 3.67973 -0.484557 112 1
2.12757 2.91226 1.41043 113 2
0.586403 3.08774 -1.20269 114 2
-0.0441042 3.14377 0.137168 115 1
2.2796 2.8954 -1.49156 116 1
3.34134 2.86699 1.28289 117 3
-1.12833 2.07672 1.77349 118 2
0.779294 4.1229 -0.286749 119 2
-1.07549 1.81885 1.88228 118 1
3.14989 2.95099 0.44028 120 1
1.57832 3.84129 -0.476094 121 1
2.087 3.05912 1.54 122 1
0.499371 3.21739 -1.32765 123 2
-0.191109 3.27727 0.160969 124 1
2.36644 3.01258 -1.62842 125 1
3.49491 2.92759 1.39578 126 2
-1.26607 2.22159 1.76723 127 1
0.723066 4.31477 -0.291759 128 2
2.14174 3.03152 1.25051 122 1
0.505195 2.94381 -1.31534 123 2
3.44759 2.69988 1.25487 126 1
-1.03902 2.16226 1.93067 127 1
0.882931 4.16211 -0.120251 128 1
-1.1838 1.725 2.02178 129 1
3.2751 3.09586 0.38254 130 1
1.6928 4.00526 -0.472978 131 1
2.05813 3.19503 1.68386 132 1
0.4181 3.3523 -1.45091 133 1
-0.338647 3.41152 0.175425 134 1
2.44249 3.12127 -1.7781 135 1
3.64815 2.98347 1.51151 136 1
-1.40612 2.36039 1.73376 137 1
0.694331 4.50993 -0.324719 138 1
3.26645 3.04942 1.31619 126 0
0.668702 3.21423 -1.43403 133 0
3.45443 3.12142 1.36767 136 1
0.581002 4.33211 -0.152055 138 1
2.10114 3.21836 1.19185 139 1
0.453301 2.85557 -1.48715 140 1
3.57139 2.56506 1.33547 141 1
-0.950766 2.25157 2.08635 142 1
0.970483 4.26554 0.0268474 143 1
-1.30238 1.62586 2.14872 144 1
3.41012 3.23193 0.325481 145 1
1.82327 4.1567 -0.479444 146 1
2.04485 3.31416 1.84395 147 1
0.34821 3.49134 -1.57655 148 2
-0.487476 3.54496 0.182175 149 1
2.51293 3.22785 -1.93198 150 2
3.80277 3.03698 1.62653 151 1
-1.55571 2.4869 1.69356 152 1
0.651798 4.65947 -0.450523 153 1
0.327674 2.96777 -1.22639 140 0
3.56154 3.27434 1.29595 156 1
0.404974 4.42158 -0.120298 157 1
2.04199 3.40649 1.15858 158 1
0.450621 2.78993 -1.67606 159 1
3.70808 2.45874 1.43554 160 1
-0.876626 2.36562 2.23297 161 1
1.07292 4.36719 0.165317 162 1
-1.42096 1.52673 2.27565 163 1
3.54597 3.36591 0.265526 164 1
1.96861 4.29242 -0.500879 165 1
2.05233 3.42468 2.01047 166 1
0.290765 3.62911 -1.70966 167 1
-0.637175 3.67719 0.192423 168 1
2.57476 3.33913 -2.08623 169 1
3.96417 3.0893 1.73241 170 2
-1.70858 2.60857 1.6508 171 2
0.623763 4.80934 -0.579957 172 1
0.154258 3.45632 -1.54255 167 1
2.66102 3.09719 -1.96354 169 1
3.6698 3.44234 1.28846 174 1
0.267018 4.56137 -0.0825238 175 1
1.96753 3.59184 1.14836 176 0
0.503037 2.75605 -1.86607 177 1
3.81921 2.37078 1.57664 178 1
-0.820744 2.5103 2.35923 179 1
1.19847 4.46046 0.289967 180 1
-1.53886 1.42022 2.39712 181 1
3.69146 3.48841 0.203673 182 1
2.12727 4.40629 -0.544004 183 1
2.07773 3.54231 2.17022 184 2
0.257458 3.76352 -1.85396 185 1
-0.795567 3.79918 0.197838 186 1
2.62899 3.44622 -2.2462 187 1
4.12859 3.13707 1.83578 188 1
-1.86269 2.72626 1.60183 189 1
0.641621 4.94911 -0.721897 190 1
3.88195 3.03962 1.90783 188 1
-1.62773 2.77405 1.72876 189 1
-0.0358014 3.51518 -1.52222 191 1
2.85801 3.0887 -1.99703 192 1
3.7699 3.61522 1.2981 193 1
0.187498 4.72932 -0.00855826 194 2
0.556986 2.74293 -2.05821 196 1
3.92585 2.30178 1.73114 197 1
-0.778567 2.67975 2.45674 198 1
1.36798 4.51721 0.379654 199 1
-1.65756 1.31361 2.51772 200 1
3.84003 3.60158 0.13211 201 1
2.29078 4.51261 -0.58827 202 1
2.10287 3.67236 2.32007 203 1
0.2499 3.89415 -2.00522 204 1
-0.963069 3.90832 0.203408 205 1
2.66717 3.54035 -2.41848 206 1
4.2927 3.17033 1.94515 207 2
-2.02155 2.83627 1.55021 208 1
0.666837 5.07841 -0.872381 209 1
2.05484 3.39884 2.30766 203 1
3.86637 3.00476 2.10415 210 1
-1.57804 2.9675 1.73923 211 1
-0.207867 3.61693 -1.52861 212 1
3.05214 3.11702 -2.03593 213 1
3.86715 3.78943 1.31201 214 1
0.128069 4.90106 0.0749415 215 1
0.596337 2.75766 -2.25375 216 1
4.02914 2.23042 1.88683 217 1
-0.738874 2.85759 2.53919 218 1
1.49107 4.63 0.489779 219 1
-1.77655 1.2089 2.63969 220 0
3.98814 3.71119 0.0543517 221 1
2.4556 4.61451 -0.637778 222 1
2.13081 3.8148 2.45765 223 1
0.269078 4.01652 -2.16225 224 1
-1.14035 4.0009 0.202466 225 1
2.68904 3.6256 -2.59808 226 2
4.46193 3.18078 2.05122 227 1
-2.18927 2.93025 1.49512 228 2
0.699551 5.19388 -1.03237 229 1
0.0356214 4.74443 -0.137807 215 1
4.22751 3.33218 2.04291 227 0
1.93854 3.39402 2.4703 230 1
3.88241 2.96143 2.29874 231 1
-1.58565 3.16322 1.77967 232 1
-0.363628 3.73172 -1.57922 233 1
3.23813 3.16619 -2.09062 234 1
3.96143 3.96456 1.33297 235 1
0.0778995 5.07726 0.155175 236 1
0.624422 2.79058 -2.44901 237 1
4.13284 2.17781 2.04954 238 1
-0.701349 3.04018 2.61166 239 1
1.61444 4.74478 0.597503 240 1
4.13792 3.8165 -0.0261214 242 1
2.5885 4.75169 -0.697092 243 2
2.1581 3.96396 2.58806 244 1
0.31092 4.1328 -2.31951 245 2
-1.32263 4.083 0.19672 246 1
2.70829 3.70093 -2.78235 247 1
4.62535 3.16648 2.16563 248 2
-2.3545 3.02781 1.4387 249 1
0.736881 5.29489 -1.2009 250 1
2.80168 3.76794 -2.51409 247 1
-2.21448 2.79756 1.34762 249 1
-0.141032 4.76768 -0.228652 251 0
1.80796 3.42737 2.61807 253 1
3.98772 2.89207 2.45398 254 1
-1.6322 3.35127 1.82937 255 1
-0.509225 3.84067 -1.66247 256 2
3.41348 3.23673 -2.15599 257 1
4.06046 4.13655 1.35776 258 1
0.041559 5.25823 0.232166 259 1
0.654659 2.82878 -2.64298 260 1
4.23935 2.15095 2.21668 261 1
-0.670807 3.22819 2.67266 262 1
1.73925 4.85919 0.703955 263 1
4.28983 3.91962 -0.105425 264 2
2.68504 4.91597 -0.757865 265 1
2.18839 4.1167 2.71357 266 1
0.370603 4.23974 -2.47762 267 1
-1.51102 4.14776 0.178923 268 2
2.72137 3.76462 -2.97148 269 2
4.7779 3.12321 2.28752 270 2
-2.51906 3.13048 1.38992 271 1
0.774487 5.36763 -1.38337 272 1
2.69006 4.76348 -0.525198 265 1
0.129912 4.20794 -2.35937 267 1
4.68903 3.35606 2.16742 270 1
2.84018 3.96409 -2.50755 273 1
-2.31549 2.69086 1.21193 274 1
1.74581 3.44809 2.80704 276 1
4.10383 2.82715 2.60333 277 1
-1.68601 3.53815 1.87608 278 1
-0.64444 3.93021 -1.77952 279 1
3.57908 3.31839 -2.23288 280 1
4.15329 4.31117 1.38754 281 1
0.0132139 5.44426 0.299912 282 1
0.692902 2.87201 -2.83447 283 1
4.33799 2.15586 2.3906 284 1
-0.653052 3.42322 2.71324 285 1
1.86277 4.97076 0.814846 286 1
4.43906 4.02208 -0.190478 287 2
2.77164 5.08522 -0.819965 288 2
2.21159 4.27123 2.8384 289 1
0.445782 4.33392 -2.63724 290 1
-1.70129 4.20162 0.149004 291 2
2.72794 3.81109 -3.1659 292 2
4.9141 3.06283 2.42095 293 1
-2.67996 3.23615 1.33567 294 1
0.836548 5.43701 -1.56039 295 1
-0.649737 3.84044 -1.52015 279 0
4.18072 3.93223 -0.272568 287 1
-1.45623 4.30796 0.0724686 291 1
2.5775 3.90286 -2.95757 292 1
4.87171 3.04109 2.13113 293 0
2.80678 4.85417 -0.39047 296 1
0.0164104 4.31461 -2.48483 297 0
4.81939 3.48359 2.08531 298 1
2.84163 4.16233 -2.53394 299 1
-2.46539 2.68686 1.07959 300 1
1.6725 3.58503 2.93303 301 1
4.22053 2.77287 2.75641 302 0
-1.74736 3.72658 1.90305 303 1
-0.753436 4.0106 -1.92668 304 0
3.74075 3.40923 -2.30776 305 1
4.23217 4.49189 1.42101 306 1
-0.0103903 5.62996 0.37032 307 1
0.726683 2.9171 -3.02637 308 1
4.43538 2.16964 2.56474 309 1
-0.638814 3.61982 2.74711 310 2
1.98574 5.07949 0.929106 311 1
4.5865 4.1253 -0.277691 312 2
2.85749 5.25414 -0.883947 313 1
2.23799 4.42965 2.9576 314 2
0.529787 4.40681 -2.80347 315 1
-1.89224 4.24545 0.108759 316 1
2.7415 3.83774 -3.36365 317 1
4.97173 2.94954 2.57537 318 2
-2.83977 3.3451 1.28475 319 1
0.909399 5.50046 -1.73551 320 1
4.35063 4.19844 -0.157678 312 1
2.92485 4.98402 -0.899249 313 1
-1.70244 4.33613 0.297008 316 1
2.70668 3.61624 -3.20572 317 1
4.11885 3.9855 -0.455146 322 1
-1.45395 4.40146 0.249251 323 0
2.49789 4.083 -2.99238 324 1
2.92075 4.94579 -0.254023 326 1
4.95283 3.6031 1.99637 328 1
2.86273 4.35347 -2.58892 329 1
-2.57245 2.72258 0.914476 330 1
1.56856 3.74253 2.99928 331 1
-1.79946 3.91475 1.94638 333 1
3.89875 3.50961 -2.3782 335 1
4.29993 4.67532 1.46296 336 2
-0.0206459 5.81674 0.441089 337 1
0.760166 2.96641 -3.21728 338 1
4.52591 2.17555 2.74298 339 1
-0.639903 3.8174 2.77813 340 1
2.09822 5.19746 1.045 341 1
4.72834 4.2321 -0.369758 342 1
2.93551 5.42612 -0.949801 343 1
2.27561 4.58753 3.07446 344 1
0.624161 4.47009 -2.96805 345 1
-2.08303 4.28711 0.0656046 346 1
2.75673 3.8503 -3.56267 347 1
5.03205 2.83646 2.72891 348 1
-2.99937 3.45416 1.23345 349 1
1.00855 5.57101 -1.89422 350 2
-0.575042 3.58301 2.93306 340 0
4.72115 3.98775 -0.223356 342 1
2.31823 4.31714 3.10218 344 1
5.15663 2.94023 2.49969 348 0
4.32796 4.38944 -0.212504 351 1
3.10891 4.99778 -0.97626 352 1
-1.77553 4.48764 0.405185 353 1
2.69048 3.43626 -3.29142 354 1
4.20122 3.96398 -0.636124 355 0
2.45207 4.26042 -3.07253 357 1
3.00674 5.05006 -0.1066 358 1
5.08115 3.71014 1.88647 359 1
2.90891 4.54007 -2.64412 360 1
-2.71371 2.76508 0.779427 361 2
1.47444 3.91838 3.01411 362 1
-1.85347 4.10214 1.99075 363 1
4.05593 3.61548 -2.44212 364 1
4.34965 4.86429 1.50561 365 1
-0.0309217 6.00007 0.52037 366 1
0.794526 3.0167 -3.40779 367 1
4.62055 2.17112 2.91911 368 1
-0.643221 4.01603 2.80123 369 1
2.21288 5.31396 1.16025 370 1
4.86108 4.34209 -0.471156 371 2
3.00925 5.60184 -1.0105 372 1
2.31157 4.74413 3.19356 373 1
0.731678 4.5327 -3.12464 374 1
-2.26918 4.29931 -0.00651149 375 1
2.77532 3.85412 -3.76177 376 2
5.097 2.72093 2.87869 377 1
-3.1618 3.55871 1.1816 378 1
1.14046 5.67361 -2.00411 379 1
4.45827 4.67711 1.34079 365 1
0.875543 5.55691 -2.04292 379 0
4.90132 3.94071 -0.150377 381 1
2.44518 4.24421 3.23843 382 1
4.34204 4.57944 -0.273362 384 1
3.29722 5.02936 -1.0358 385 1
-1.87499 4.64343 0.481594 386 1
2.66903 3.2767 -3.41007 387 1
2.40821 4.43117 -3.16698 389 1
3.10433 5.15055 0.0361506 390 1
5.20336 3.82649 1.77911 391 1
2.98511 4.71437 -2.70587 392 1
-2.83069 2.81938 0.626561 393 1
1.40739 4.07187 3.12339 394 1
-1.90336 4.28383 2.05783 395 1
4.21152 3.72397 -2.50554 396 2
4.38968 5.05782 1.53637 397 1
-0.0450581 6.17996 0.606636 398 1
0.833094 3.0673 -3.5974 399 1
4.7169 2.15143 3.09326 400 0
-0.654225 4.21473 2.82119 401 1
2.33124 5.42465 1.27746 402 1
4.96204 4.46223 -0.595147 403 1
3.07715 5.77804 -1.0764 404 1
2.34933 4.89932 3.31393 405 1
0.839452 4.59961 -3.27927 406 1
-2.43709 4.26122 -0.108264 407 1
2.79986 3.86036 -3.96016 408 2
5.15895 2.61379 3.0358 409 0
-3.3283 3.65948 1.13555 410 1
1.28918 5.78333 -2.08055 411 1
-2.87777 2.71853 0.883915 393 0
4.92828 4.43746 -0.308709 403 1
2.97141 3.83051 -3.73028 408 1
4.64399 4.73406 1.29322 412 1
5.0824 3.93386 -0.0657604 414 1
2.59762 4.27592 3.36395 415 1
4.39798 4.77132 -0.280455 416 1
3.47601 5.11715 -1.01772 417 1
-1.97579 4.80054 0.553403 418 1
2.6881 3.12511 -3.53914 419 1
2.31947 4.59775 -3.23312 420 1
3.19223 5.29852 0.138019 421 1
5.31832 3.94159 1.66276 422 1
3.0949 4.87658 -2.7463 423 1
-2.95443 2.86807 0.477169 424 1
1.33245 4.18734 3.26848 425 1
-1.94765 4.46075 2.13992 426 1
4.36675 3.83365 -2.56778 427 2
4.40699 5.25429 1.56953 428 1
-0.061609 6.35792 0.696383 429 1
0.869258 3.11626 -3.78791 430 1
-0.664732 4.41334 2.84227 432 1
2.45195 5.52448 1.40181 433 1
5.04827 4.56149 -0.745849 434 1
3.14812 5.95008 -1.14966 435 1
2.39216 5.05206 3.43573 436 1
0.896615 4.5756 -3.46941 437 1
-2.60269 4.22001 -0.212566 438 1
2.82867 3.86962 -4.15786 439 1
-3.49715 3.7602 1.09885 441 1
1.43941 5.8955 -2.15019 442 1
4.33234 3.66639 -2.35693 427 0
2.60623 3.8147 -3.98072 439 1
5.07393 4.52345 -0.20197 444 1
3.16707 3.83682 -3.77126 445 1
4.82201 4.80707 1.23865 446 1
5.27256 3.9601 -0.00962731 447 0
2.70991 4.3524 3.51072 448 1
4.46827 4.95825 -0.269632 449 1
3.57582 5.19905 -1.17046 450 1
-2.07661 4.95803 0.624338 451 1
2.59775 3.00159 -3.66789 452 0
2.27913 4.64889 -3.42222 453 1
3.25529 5.48469 0.17496 454 1
5.42457 4.05212 1.53433 455 1
3.22151 5.02698 -2.78305 456 1
-3.08879 2.91524 0.336733 457 1
1.27024 4.30497 3.4178 458 1
-1.98832 4.63748 2.22424 459 1
4.52224 3.9433 -2.62942 460 1
4.41737 5.45158 1.60064 461 1
-0.0767794 6.5349 0.788304 462 2
0.903476 3.17178 -3.97698 463 1
-0.667594 4.61293 2.85474 464 1
2.56471 5.62339 1.53411 465 1
5.10671 4.63288 -0.923297 466 2
3.22113 6.11881 -1.2284 467 1
2.4486 5.20128 3.55635 468 2
1.0083 4.57008 -3.63523 469 0
-2.76946 4.17939 -0.315222 470 1
2.84615 3.88043 -4.3568 471 1
-3.67124 3.85578 1.07529 472 1
1.58645 6.01183 -2.21979 473 1
4.37969 3.7139 -2.72745 460 1
2.47735 3.70742 -4.08972 475 1
5.21957 4.60943 -0.0952306 476 1
3.35874 3.82932 -3.82787 477 1
4.98932 4.89508 1.17335 478 1
2.84036 4.43876 3.63532 480 2
4.53414 5.1449 -0.240906 481 1
3.70092 5.28547 -1.30039 482 1
-2.17735 5.11503 0.696456 483 1
2.23436 4.69484 -3.61165 485 1
3.33815 5.6649 0.200666 486 1
5.53602 4.1803 1.42874 487 1
3.34767 5.17757 -2.82052 488 1
-3.23142 2.96157 0.204414 489 1
1.21212 4.42301 3.56842 490 1
-2.02837 4.8136 2.31014 491 1
4.67774 4.0551 -2.68704 492 1
4.4403 5.64688 1.63713 493 1
-0.0915615 6.70964 0.884454 494 2
0.933156 3.22978 -4.16607 495 1
-0.664413 4.81239 2.86907 496 1
2.66344 5.72525 1.67509 497 1
5.15994 4.71459 -1.09791 498 1
3.295 6.28267 -1.31609 499 2
2.51161 5.34294 3.68269 500 2
-2.93533 4.13827 -0.419121 502 1
2.87932 3.89261 -4.55365 503 1
-3.84921 3.94624 1.06326 504 3
1.73193 6.13202 -2.28605 505 1
-0.16667 6.44554 0.943012 494 1
5.11408 4.4439 -0.988361 498 1
2.25898 5.25568 3.58933 500 1
4.43557 3.70731 -2.91937 506 0
2.37301 3.64678 -4.24921 507 1
5.37541 4.68648 0.00365737 508 0
3.54097 3.81544 -3.90912 509 1
5.11549 5.03093 1.09834 510 1
2.97471 4.54091 3.74263 511 1
4.58746 5.33492 -0.208538 512 1
3.82865 5.38445 -1.41824 513 1
-2.27436 5.27316 0.771182 514 1
2.19779 4.73155 -3.80482 515 1
3.41769 5.84708 0.222613 516 1
5.64744 4.31824 1.33624 517 0
3.47531 5.3284 -2.85149 518 1
-3.3756 3.00829 0.0739153 519 1
1.17181 4.54735 3.7198 520 1
-2.06484 4.98745 2.40205 521 1
4.83399 4.17526 -2.7209 522 1
4.46074 5.84043 1.68317 523 1
-0.106742 6.88301 0.983007 524 1
0.959871 3.27717 -4.35853 525 1
-0.655785 5.01116 2.88944 526 1
2.75615 5.82752 1.81981 527 1
5.21362 4.80651 -1.26723 528 1
3.36795 6.44752 -1.40272 529 1
2.58683 5.47509 3.81261 530 1
-3.10533 4.10062 -0.517518 531 1
2.91677 3.8967 -4.75007 532 1
-4.03181 4.02753 1.05625 533 2
1.8743 6.26027 -2.34333 534 1
2.6982 4.46063 3.77429 511 1
-0.0374322 6.80467 0.717 524 1
3.20253 6.40377 -1.18654 529 1
2.59237 5.42597 3.51964 530 1
-3.78759 4.07982 1.19877 533 1
-0.246673 6.35367 1.10163 535 1
5.19052 4.316 -1.12177 536 0
2.12267 5.36714 3.68417 537 1
2.27765 3.63887 -4.42484 539 1
3.723 3.80567 -3.9914 541 1
5.18432 5.20759 1.03468 542 1
3.12961 4.6412 3.81976 543 1
4.6401 5.52568 -0.179561 544 1
3.96093 5.50863 -1.50238 545 1
-2.36259 5.43567 0.847384 546 1
2.15467 4.7581 -3.9983 547 0
3.49904 6.02889 0.240723 548 1
3.60344 5.47663 -2.89162 550 1
-3.52534 3.05333 -0.050789 551 1
1.13965 4.67214 3.87274 552 1
-2.1001 5.16461 2.4879 553 1
4.9857 4.30029 -2.7577 554 1
4.48414 6.02885 1.74602 555 1
-0.122749 7.05292 1.08728 556 2
0.976269 3.31908 -4.5534 557 1
-0.655144 5.20133 2.95137 558 1
2.84317 5.93692 1.96285 559 1
5.25809 4.927 -1.42055 560 1
3.42523 6.6148 -1.4962 561 2
2.70385 5.59131 3.92574 562 2
-3.28016 4.07233 -0.610449 563 2
2.94754 3.899 -4.94768 564 2
-4.22043 4.09373 1.05002 565 1
2.01574 6.39288 -2.39245 566 1
-3.80156 4.01154 0.880322 533 1
-4.09547 3.85218 1.12835 565 0
2.64458 4.51631 3.95874 567 1
0.0186986 6.96831 0.616651 568 1
3.12593 6.55899 -1.08634 569 1
2.71712 5.5589 3.43739 570 1
-3.81886 4.20289 1.35329 571 1
-0.244344 6.30758 1.29623 572 1
2.01441 5.4655 3.82056 574 1
2.19758 3.71221 -4.59279 575 1
3.87396 3.73297 -4.1006 576 1
5.23519 5.389 0.967577 577 1
3.28246 4.75411 3.8821 578 1
4.69333 5.7168 -0.154289 579 1
4.0938 5.63957 -1.5745 580 1
-2.43969 5.60002 0.931315 581 1
3.58644 6.20745 0.262576 583 1
3.73244 5.62559 -2.92582 584 1
-3.67638 3.09728 -0.174301 585 1
1.10789 4.79139 4.03013 586 1
-2.13484 5.35209 2.54827 587 1
5.14301 4.41795 -2.79524 588 2
4.51131 6.21423 1.81601 589 1
-0.158401 7.19564 1.22279 590 2
1.02791 3.36678 -4.74063 591 0
-0.652765 5.39161 3.01292 592 1
2.9356 6.03454 2.11093 593 1
5.28597 5.06615 -1.56147 594 1
3.48797 6.76374 -1.61401 595 1
2.85146 5.68742 4.02048 596 1
-3.45969 4.05054 -0.695844 597 1
2.93604 3.882 -5.14662 598 1
-4.41439 4.13993 1.03431 599 1
2.15057 6.53622 -2.42811 600 1
-0.304749 7.096 1.01643 590 1
3.58648 6.62479 -1.37831 595 1
2.63513 5.54641 4.10812 596 1
-3.21135 3.92189 -0.722845 597 0
3.12384 3.99018 -4.97224 598 1
-3.89118 4.05764 0.707569 601 1
2.58878 4.59309 4.13479 603 1
0.0726892 7.14956 0.551592 604 1
3.0431 6.7396 -1.0635 605 1
2.85506 5.69581 3.39019 606 1
-3.86895 4.32492 1.50362 607 0
-0.226093 6.37664 1.48304 608 1
1.95447 5.54424 3.99437 609 1
2.14076 3.79863 -4.76397 610 1
3.90325 3.82496 -4.27576 611 0
5.27483 5.58284 0.938366 612 1
3.43857 4.86954 3.93013 613 1
4.73899 5.90939 -0.125564 614 1
4.23049 5.77369 -1.63218 615 1
-2.50602 5.76823 1.0168 616 1
3.67778 6.38301 0.291456 617 1
3.86446 5.77363 -2.95141 618 1
-3.82895 3.14352 -0.295056 619 1
1.07698 4.90591 4.19116 620 1
-2.16807 5.54511 2.58874 621 2
5.29659 4.53579 -2.84548 622 1
4.5557 6.39263 1.89477 623 2
-0.208315 7.30146 1.38499 624 1
-0.64936 5.58021 3.07939 626 1
3.04253 6.12665 2.25264 627 1
5.32205 5.19341 -1.71148 628 1
3.56887 6.8911 -1.74529 629 1
3.02569 5.75985 4.08677 630 1
-3.6419 4.02582 -0.774526 631 2
2.88627 3.80528 -5.32449 632 1
-4.6105 4.17871 1.02821 633 1
2.27174 6.69221 -2.45951 634 1
5.07717 4.41647 -2.98409 622 0
0.0244437 7.2755 1.23656 624 1
-0.497608 7.14687 1.0312 635 1
3.78027 6.6508 -1.33626 636 1
2.62636 5.53928 4.3078 637 1
3.3036 4.04387 -5.04157 639 0
-4.01462 4.131 0.568353 640 1
2.65458 4.66896 4.30775 641 1
0.127518 7.33748 0.510588 642 1
2.94615 6.9139 -1.07823 643 1
3.03753 5.7716 3.35918 644 1
-0.179956 6.45249 1.66226 646 1
1.91171 5.62083 4.1741 647 1
2.10642 3.89207 -4.93744 648 0
5.28837 5.78078 0.913083 650 1
3.59632 4.98461 3.97341 651 1
4.78259 6.10053 -0.0860215 652 1
4.36767 5.89466 -1.71309 653 1
-2.55647 5.93757 1.11049 654 1
3.7775 6.5516 0.331894 655 1
4.00054 5.91996 -2.95976 656 1
-3.98184 3.17678 -0.419628 657 1
1.04667 5.01518 4.3559 658 1
-2.21257 5.73631 2.62702 659 2
5.48998 4.52014 -2.89403 660 0
4.59308 6.54649 2.01696 661 1
-0.259726 7.37586 1.56338 662 1
-0.644225 5.76947 3.14384 663 1
3.14108 6.23895 2.38559 664 0
5.29263 5.35287 -1.82856 665 1
3.65247 6.99143 -1.89677 666 1
3.20849 5.82548 4.13451 667 1
-3.8412 4.03059 -0.790447 668 1
2.91143 3.62873 -5.41503 669 1
-4.80721 4.21126 1.04381 670 1
2.39139 6.84484 -2.5084 671 1
-1.99588 5.59365 2.49932 659 0
4.59476 6.51625 1.74248 661 1
-3.63289 3.88566 -0.916906 668 0
0.180159 7.39922 1.2577 673 1
-0.673833 7.22081 1.09016 674 1
3.9775 6.68284 -1.34489 675 0
2.59883 5.52837 4.5056 676 0
-4.16647 4.16922 0.443932 678 1
2.73149 4.74795 4.47462 679 0
0.161772 7.52375 0.446319 680 1
2.84209 7.08045 -1.11611 681 1
3.2283 5.82883 3.34098 682 1
-0.126159 6.52679 1.83998 683 1
1.8762 5.68035 4.36171 684 1
5.28225 5.98009 0.897726 686 1
3.75845 5.09759 4.00423 687 1
4.82563 6.29103 -0.0429128 688 1
4.47955 6.02727 -1.81259 689 1
-2.60126 6.11029 1.20082 690 1
3.89168 6.70926 0.377776 691 1
4.14694 6.05617 -2.95583 692 1
-4.14855 3.19856 -0.52795 693 1
1.02791 5.1212 4.52445 694 1
-2.26998 5.92363 2.66719 695 1
4.59304 6.50101 2.21172 697 1
-0.304878 7.41223 1.75479 698 1
-0.640069 5.95711 3.21293 699 1
5.27769 5.51778 -1.94073 701 0
3.73462 7.0949 -2.04692 702 1
3.39164 5.88593 4.18744 703 1
-4.03284 4.06912 -0.748125 704 1
2.97871 3.44377 -5.45058 705 0
-4.99084 4.24558 1.11524 706 1
2.52504 6.95623 -2.60703 707 1
-2.23261 5.69065 2.82071 695 1
4.66533 6.6326 1.59591 709 0
0.365916 7.44653 1.20064 711 0
-0.838419 7.30603 1.16533 712 1
-4.32938 4.1972 0.331341 715 0
0.143341 7.70093 0.35539 717 1
2.72374 7.23379 -1.16589 718 0
3.41417 5.90267 3.34028 719 0
-0.0661982 6.60981 2.01177 720 1
1.83546 5.7451 4.5465 721 1
5.25467 6.17814 0.893465 722 0
3.92231 5.20647 4.04018 723 1
4.86695 6.48343 -0.00722833 724 1
4.56415 6.1658 -1.92943 725 0
-2.642 6.28233 1.29432 726 1
4.0261 6.85098 0.420769 727 1
4.27767 6.20735 -2.94852 728 0
-4.30263 3.20125 -0.655435 729 0
1.05132 5.22413 4.69433 730 1
-2.33094 6.11319 2.68588 731 1
4.56956 6.44412 2.40201 732 1
-0.363853 7.45404 1.94127 733 1
-0.640635 6.14281 3.2872 734 1
3.83451 7.20118 -2.18377 736 1
3.57566 5.94145 4.2427 737 1
-4.20961 4.11411 -0.666104 738 0
-5.17675 4.25192 1.1887 740 2
2.66199 7.05875 -2.71064 741 1
-2.31344 5.6591 3.00091 742 1
-0.923149 7.46848 1.24551 745 1
0.135174 7.86744 0.244902 747 1
-0.00133287 6.69549 2.18045 750 1
1.80259 5.80216 4.73535 751 1
4.08839 5.31707 4.05396 753 1
4.91025 6.67775 0.0118875 754 1
-2.68275 6.45437 1.38782 756 1
4.0894 7.03881 0.394091 757 0
1.07795 5.33154 4.86092 760 1
-2.36331 6.30465 2.63796 761 1
4.55211 6.39847 2.59595 762 0
-0.440418 7.49347 2.12178 763 1
-0.643784 6.32173 3.37651 764 1
3.96518 7.31057 -2.28845 765 0
3.76483 5.99491 4.27953 766 1
-5.3681 4.24171 1.24598 768 1
2.78875 7.15519 -2.8316 769 0
-5.13912 4.38858 1.3298 768 0
-2.38525 5.62314 3.18407 770 0
-0.959954 7.64622 1.32951 771 0
0.190383 8.00289 0.108508 772 0
0.0488577 6.78242 2.35343 773 1
1.77517 5.86586 4.92294 774 1
4.25561 5.42629 4.06426 775 1
4.97559 6.86239 0.0523925 776 0
-2.72699 6.62469 1.48288 777 1
1.10644 5.43901 5.02717 779 1
-2.39031 6.4969 2.58989 780 1
-0.489626 7.50515 2.31528 782 1
-0.652288 6.49006 3.48417 783 1
3.95495 6.03564 4.32638 785 1
-5.56429 4.20637 1.26212 786 1
0.0839682 6.86321 2.53299 792 0
1.70941 5.89671 5.10928 793 0
4.42358 5.53319 4.08321 794 1
-2.79073 6.78408 1.5855 796 1
1.12909 5.53228 5.20264 797 0
-2.41485 6.6877 2.53516 798 0
-0.560751 7.52361 2.50129 799 0
-0.662794 6.61713 3.63826 800 1
4.14223 6.07665 4.38336 801 1
-5.63223 4.02888 1.19982 802 0
4.58907 5.64402 4.10135 805 1
-2.86488 6.92563 1.70577 806 0
-0.695329 6.63323 3.83494 810 1
4.3026 6.12357 4.49326 811 0
4.74063 5.76402 4.15263 813 0
-0.7486 6.62859 4.02766 815 0
