2399
0.203991 0.328069 0.948000 64 50 33
0.206562 0.328066 0.948000 56 44 27
0.208912 0.327717 0.947000 51 39 22
0.211704 0.328060 0.948000 49 37 20
0.214049 0.327712 0.947000 49 37 20
0.216389 0.327363 0.946000 51 37 20
0.218724 0.327015 0.945000 50 35 20
0.220819 0.326321 0.943000 51 36 21
0.223140 0.325973 0.942000 60 42 27
0.225456 0.325626 0.941000 54 36 21
0.228009 0.325624 0.941000 59 41 25
0.230072 0.324931 0.939000 52 34 18
0.232620 0.324930 0.939000 53 35 19
0.234918 0.324584 0.938000 53 35 19
0.237970 0.325275 0.940000 54 36 20
0.240521 0.325275 0.940000 57 39 23
0.243330 0.325621 0.941000 55 37 21
0.247452 0.327698 0.947000 50 36 19
0.142439 0.325956 0.949000 52 40 23
0.144860 0.325607 0.948000 59 45 28
0.147432 0.325602 0.948000 55 41 24
0.150003 0.325597 0.948000 63 49 32
0.152414 0.325248 0.947000 59 44 29
0.154655 0.324556 0.945000 54 41 26
0.157052 0.324208 0.944000 57 42 27
0.161485 0.322824 0.940000 59 44 29
0.247118 0.321351 0.936000 60 36 20
0.252060 0.324442 0.945000 59 37 21
0.090746 0.322812 0.947000 55 39 24
0.093316 0.322807 0.947000 53 37 22
0.095685 0.322121 0.945000 53 35 19
0.098354 0.322457 0.946000 56 38 22
0.100602 0.321430 0.943000 55 37 21
0.103161 0.321425 0.943000 57 39 23
0.105609 0.321079 0.942000 57 39 23
0.110839 0.321410 0.943000 58 42 26
0.113399 0.321405 0.943000 54 38 22
0.253546 0.320515 0.941000 63 36 21
0.026505 0.321011 0.949000 68 53 38
0.029022 0.320333 0.947000 73 58 43
0.031595 0.320331 0.947000 67 52 37
0.034168 0.320329 0.947000 72 55 43
0.036702 0.319989 0.946000 69 52 40
0.039230 0.319649 0.945000 71 52 40
0.041797 0.319646 0.945000 69 51 36
0.044364 0.319644 0.945000 71 51 35
0.046882 0.319303 0.944000 71 51 35
0.256372 0.318298 0.942000 62 38 22
-0.032798 0.318447 0.949000 77 61 46
-0.030220 0.318449 0.949000 70 52 37
-0.027583 0.317780 0.947000 78 59 47
-0.024984 0.317446 0.946000 67 48 36
-0.022437 0.317783 0.947000 74 55 43
-0.099604 0.315126 0.947000 80 61 51
0.258104 0.312187 0.939000 61 37 21
0.160310 0.307808 0.933000 21 17 7
0.162142 0.306482 0.929000 19 15 5
0.165370 0.307796 0.933000 20 16 5
0.157279 0.304310 0.930000 18 13 6
0.157911 0.300705 0.919000 19 17 7
0.163072 0.301020 0.920000 30 28 17
0.167187 0.303959 0.929000 18 16 6
0.263150 0.310034 0.948000 57 39 24
0.072233 0.305236 0.940000 23 15 8
0.074548 0.304257 0.937000 24 16 7
0.077340 0.305227 0.940000 24 16 7
0.156427 0.305048 0.940000 12 12 4
0.166113 0.299500 0.923000 25 25 15
0.206517 0.303633 0.936000 18 13 6
0.208161 0.302331 0.932000 18 15 8
0.210914 0.302650 0.933000 17 14 7
0.214587 0.304267 0.938000 17 14 7
0.219213 0.307182 0.947000 18 15 8
0.262873 0.307137 0.947000 57 39 24
-0.138470 0.305454 0.949000 82 67 54
0.069165 0.300449 0.933000 19 13 6
0.070931 0.297225 0.923000 19 14 7
0.073120 0.295933 0.919000 16 11 4
0.076028 0.297538 0.924000 19 14 7
0.079302 0.300432 0.933000 19 14 7
0.082976 0.304613 0.946000 19 14 7
0.152300 0.304452 0.946000 17 12 6
0.154702 0.304124 0.945000 14 11 5
0.154603 0.298968 0.929000 9 11 3
0.165219 0.295396 0.918000 32 39 27
0.169535 0.298608 0.928000 12 17 6
0.203113 0.299818 0.932000 20 18 8
0.203654 0.296918 0.923000 20 22 12
0.205039 0.295304 0.918000 36 41 30
0.210931 0.296581 0.922000 15 20 9
0.215977 0.300115 0.933000 16 21 10
0.221785 0.304614 0.947000 17 22 11
0.262596 0.304246 0.946000 58 40 25
0.068132 0.293461 0.919000 7 9 1
0.078202 0.293763 0.920000 8 12 4
0.081841 0.297909 0.933000 10 11 5
0.085551 0.302055 0.946000 10 11 5
0.120351 0.299102 0.937000 13 10 4
0.121845 0.296542 0.929000 11 12 6
0.123830 0.295259 0.925000 9 10 4
0.126477 0.295572 0.926000 8 12 5
0.130104 0.298119 0.934000 11 15 8
0.168994 0.295142 0.925000 31 36 24
0.201811 0.295382 0.926000 27 28 14
0.224831 0.302683 0.949000 20 24 16
0.262042 0.301042 0.944000 58 37 23
-0.141058 0.300321 0.949000 87 58 44
0.034040 0.298627 0.943000 12 9 3
0.036448 0.297358 0.939000 12 11 5
0.039083 0.297989 0.941000 11 10 4
0.041817 0.299253 0.945000 10 11 5
0.066568 0.295102 0.932000 13 14 8
0.080969 0.292226 0.923000 10 14 7
0.084651 0.296336 0.936000 11 15 8
0.088404 0.300447 0.949000 16 17 11
0.098609 0.300109 0.948000 23 22 16
0.101076 0.299786 0.947000 24 21 15
0.117060 0.294680 0.931000 47 44 37
0.118431 0.291825 0.922000 22 24 16
0.132219 0.294641 0.931000 24 26 16
0.152260 0.294271 0.930000 40 39 25
0.165592 0.291066 0.920000 36 46 29
0.201599 0.292560 0.925000 23 25 8
0.223414 0.298215 0.943000 16 25 14
0.227408 0.300108 0.949000 11 17 9
0.261766 0.298165 0.943000 59 38 24
-0.140767 0.297130 0.947000 81 63 47
0.033573 0.292001 0.930000 40 40 32
0.041156 0.291994 0.930000 21 25 18
0.066715 0.293215 0.934000 16 20 12
0.080710 0.288793 0.920000 33 42 31
0.114539 0.292172 0.931000 40 39 25
0.115809 0.289028 0.921000 31 34 22
0.131658 0.290872 0.927000 30 35 21
0.152758 0.292699 0.933000 42 39 25
0.202694 0.291625 0.930000 26 28 11
0.223893 0.296289 0.945000 17 26 15
0.261490 0.295295 0.942000 60 39 25
0.031114 0.290117 0.932000 36 39 27
0.043922 0.291039 0.935000 23 28 17
0.080803 0.286621 0.921000 36 45 33
0.110197 0.291538 0.937000 38 35 21
0.112620 0.291221 0.936000 39 36 20
0.113807 0.287792 0.925000 42 44 27
0.131948 0.288990 0.929000 37 41 24
0.154463 0.288616 0.928000 43 45 28
0.217355 0.288452 0.928000 28 38 23
0.224372 0.294353 0.947000 12 21 9
0.261492 0.292740 0.942000 59 39 23
0.031016 0.286677 0.929000 28 31 19
0.043784 0.287590 0.932000 20 25 13
0.068964 0.286936 0.930000 40 42 25
0.081071 0.285061 0.924000 43 51 36
0.104554 0.287479 0.932000 36 33 19
0.106165 0.285005 0.924000 37 36 22
0.108203 0.283765 0.920000 39 38 22
0.110942 0.284376 0.922000 37 39 22
0.129156 0.285871 0.927000 32 42 25
0.156987 0.286102 0.928000 40 49 30
0.216424 0.284708 0.924000 12 23 6
0.219639 0.285627 0.927000 14 24 9
0.224308 0.288394 0.936000 12 17 6
0.228783 0.290854 0.944000 15 15 7
0.260939 0.289570 0.940000 61 39 23
-0.135936 0.290083 0.949000 47 28 16
0.031052 0.284477 0.930000 36 35 19
0.043834 0.285382 0.933000 29 37 22
0.071419 0.284116 0.929000 41 45 28
0.102139 0.285275 0.933000 35 32 16
0.103214 0.281294 0.920000 37 36 22
0.126237 0.282458 0.924000 32 42 25
0.157333 0.284205 0.930000 34 40 22
0.208200 0.284675 0.932000 16 22 5
0.220958 0.281585 0.922000 13 20 8
0.227577 0.286771 0.939000 19 21 11
-0.135944 0.287519 0.949000 42 23 11
0.033546 0.281662 0.929000 43 47 30
0.074187 0.282514 0.932000 40 42 24
0.118335 0.279074 0.921000 41 53 34
0.120966 0.279370 0.922000 40 51 32
0.124272 0.281181 0.928000 36 46 29
0.155151 0.282306 0.932000 46 46 28
-0.017050 0.280369 0.933000 37 34 18
0.076724 0.279993 0.932000 37 39 21
0.100837 0.276633 0.921000 40 37 21
0.116470 0.278095 0.926000 32 43 24
0.122679 0.280784 0.935000 36 40 22
0.223710 0.276887 0.923000 16 21 10
-0.019610 0.278148 0.934000 34 31 17
0.076894 0.278073 0.934000 42 44 27
0.101063 0.274742 0.923000 35 34 18
0.113717 0.275007 0.924000 29 40 21
0.117484 0.277976 0.934000 31 40 21
0.223474 0.274092 0.922000 20 25 14
-0.019569 0.275037 0.932000 27 28 14
0.010861 0.275336 0.933000 45 54 42
0.076899 0.275552 0.934000 44 47 33
0.103576 0.272243 0.923000 34 38 21
0.152974 0.275349 0.934000 37 36 20
0.212592 0.273691 0.929000 22 24 6
0.224207 0.272480 0.925000 23 27 19
-0.019717 0.274569 0.939000 36 37 23
-0.016981 0.271646 0.929000 27 32 20
0.005805 0.273697 0.936000 41 51 36
0.008369 0.274281 0.938000 40 49 37
0.078847 0.270979 0.927000 35 41 24
0.164760 0.271325 0.929000 41 49 32
0.215347 0.271463 0.930000 39 40 26
0.226395 0.272603 0.934000 20 26 18
-0.017183 0.272326 0.940000 32 35 23
-0.014533 0.270588 0.934000 28 31 17
-0.012005 0.270879 0.935000 32 37 23
-0.009482 0.271459 0.937000 35 41 24
0.079618 0.271083 0.936000 22 26 9
0.081459 0.268761 0.928000 23 29 12
0.091447 0.268448 0.927000 37 42 28
0.094979 0.271338 0.937000 41 43 26
0.084620 0.268258 0.935000 26 30 13
0.086788 0.267105 0.931000 39 45 28
0.089318 0.267099 0.931000 38 44 27
0.092341 0.268527 0.936000 39 42 28
-0.141016 0.264153 0.948000 76 59 49
-0.137567 0.262489 0.942000 78 59 47
0.069461 0.260995 0.936000 29 28 12
0.071391 0.258759 0.928000 39 38 22
0.073675 0.257917 0.925000 40 39 23
0.076519 0.259027 0.929000 35 34 18
0.172543 0.259023 0.930000 38 35 19
0.173935 0.257343 0.924000 39 36 22
0.176440 0.257335 0.924000 29 27 16
0.179913 0.258719 0.929000 31 32 20
0.191006 0.260077 0.934000 27 28 16
0.192501 0.258676 0.929000 29 30 16
0.195228 0.258946 0.930000 31 30 16
0.198173 0.259495 0.932000 35 34 20
-0.141024 0.261591 0.948000 72 55 43
-0.137575 0.259944 0.942000 73 52 40
0.067207 0.259576 0.940000 35 32 16
0.079390 0.257617 0.933000 31 33 16
0.169848 0.256242 0.929000 45 42 26
0.170511 0.253475 0.919000 29 30 16
0.171873 0.251811 0.913000 35 38 26
0.175112 0.252906 0.917000 30 35 23
0.178759 0.254552 0.923000 35 40 29
0.186667 0.255078 0.925000 19 26 15
-0.140884 0.258756 0.947000 81 63 48
-0.137437 0.257125 0.941000 76 58 43
-0.009486 0.256281 0.937000 36 33 19
-0.004405 0.257376 0.941000 35 32 18
0.066711 0.255123 0.933000 36 35 21
0.079140 0.254277 0.930000 37 40 26
0.166617 0.252647 0.925000 35 34 18
0.167479 0.250180 0.916000 34 35 21
0.178574 0.251784 0.922000 46 51 40
0.185364 0.254224 0.931000 24 29 18
0.198131 0.251169 0.920000 38 43 29
-0.137445 0.254582 0.941000 83 63 47
-0.001840 0.254293 0.939000 39 38 24
0.066502 0.251791 0.930000 38 37 23
0.079231 0.252035 0.931000 33 38 24
0.164827 0.251236 0.929000 41 40 24
0.165005 0.247712 0.916000 36 39 25
0.174747 0.247407 0.915000 38 45 34
0.185373 0.251706 0.931000 23 26 14
0.266068 0.256337 0.949000 68 41 26
-0.137308 0.251771 0.940000 82 60 44
0.066363 0.248742 0.928000 51 53 36
0.079492 0.250324 0.934000 34 37 23
0.186290 0.247038 0.923000 37 42 28
0.204237 0.247512 0.925000 25 31 14
0.207413 0.248306 0.928000 30 32 14
0.265794 0.253499 0.948000 63 43 27
-0.137316 0.249230 0.940000 79 56 42
0.066511 0.246766 0.930000 42 41 25
0.176484 0.244843 0.924000 41 46 35
0.188317 0.247192 0.933000 33 35 18
0.188596 0.244268 0.922000 40 44 27
0.208804 0.244463 0.923000 25 30 16
0.212677 0.246043 0.929000 36 41 27
0.265239 0.250401 0.946000 65 43 27
0.066588 0.244515 0.931000 40 39 23
0.115412 0.245970 0.937000 44 41 25
0.173611 0.241829 0.922000 48 58 43
0.177639 0.243918 0.930000 30 35 23
0.190650 0.244397 0.932000 31 33 16
0.210625 0.241171 0.920000 31 36 24
0.265526 0.248101 0.947000 64 42 26
-0.141224 0.246477 0.949000 100 81 69
-0.137479 0.244408 0.941000 81 53 42
0.066736 0.242519 0.933000 34 36 18
0.115050 0.242658 0.934000 52 49 33
0.125063 0.242367 0.933000 31 33 16
0.162868 0.241977 0.932000 19 23 5
0.171306 0.239604 0.923000 41 52 33
0.175692 0.242191 0.933000 41 49 32
0.256207 0.244000 0.941000 64 37 22
-0.141084 0.243654 0.948000 94 75 63
-0.135507 0.242901 0.945000 74 49 37
0.066454 0.238968 0.929000 39 43 26
0.114935 0.239876 0.933000 39 36 20
0.125071 0.239845 0.933000 28 32 15
0.162702 0.239200 0.931000 23 27 9
0.257031 0.242222 0.944000 63 36 21
0.264417 0.241945 0.943000 66 42 26
-0.140944 0.240837 0.947000 94 75 63
-0.137204 0.238811 0.939000 78 55 43
-0.135515 0.240345 0.945000 75 52 40
0.066245 0.235694 0.926000 36 42 25
0.115189 0.237863 0.935000 27 27 9
0.125214 0.237576 0.934000 45 49 31
0.162712 0.236682 0.931000 45 51 33
0.172067 0.235628 0.927000 46 54 37
0.256766 0.239412 0.943000 63 36 21
0.263583 0.238629 0.940000 66 44 28
-0.140953 0.238276 0.947000 106 87 77
-0.135524 0.237790 0.945000 74 46 35
0.066321 0.233442 0.927000 43 46 32
0.077151 0.235687 0.936000 26 33 21
0.115320 0.235586 0.936000 21 23 5
0.125088 0.234799 0.933000 34 38 20
0.162371 0.233661 0.929000 12 21 2
0.172448 0.233624 0.929000 45 50 36
0.257045 0.237109 0.944000 60 33 18
0.263589 0.236083 0.940000 69 44 30
-0.141259 0.236213 0.949000 104 88 78
-0.135533 0.235234 0.945000 77 49 38
0.068774 0.230681 0.926000 38 47 35
0.071370 0.230925 0.927000 40 49 37
0.115204 0.232806 0.935000 20 24 6
0.124828 0.231778 0.931000 28 34 17
0.169024 0.229876 0.924000 40 48 31
0.256780 0.234304 0.943000 63 36 21
0.263316 0.233288 0.939000 71 46 32
-0.141268 0.233646 0.949000 104 88 78
-0.135541 0.232678 0.945000 78 50 39
0.263603 0.230991 0.940000 71 44 30
0.263611 0.228445 0.940000 82 48 33
0.263338 0.225658 0.939000 89 52 39
0.257901 0.225039 0.947000 65 38 23
0.258312 0.218465 0.930000 101 68 55
0.262792 0.220102 0.937000 92 55 44
0.257917 0.219910 0.947000 64 37 22
0.258320 0.215946 0.930000 106 73 60
0.173081 0.214203 0.932000 11 13 3
0.174478 0.212814 0.926000 5 10 0
0.176797 0.212575 0.925000 3 10 0
0.258198 0.217574 0.948000 67 38 23
0.170381 0.211462 0.931000 12 16 8
0.169562 0.207365 0.913000 0 9 0
0.176988 0.207336 0.913000 2 10 2
0.182214 0.210505 0.927000 5 13 5
0.258479 0.215233 0.949000 68 38 23
0.168011 0.206024 0.918000 6 14 7
0.179865 0.205303 0.915000 3 12 1
0.185534 0.208883 0.931000 13 20 9
0.192422 0.210883 0.940000 25 25 17
0.258215 0.212439 0.948000 68 38 23
0.023496 0.206352 0.929000 0 3 0
0.025887 0.205240 0.924000 0 3 0
0.028436 0.205460 0.925000 5 6 0
0.179285 0.202161 0.912000 61 70 58
0.184348 0.205033 0.925000 47 50 38
0.257951 0.209649 0.947000 69 37 20
0.257487 0.207206 0.936000 71 37 20
0.020875 0.202960 0.925000 4 10 3
0.030658 0.200977 0.916000 8 12 5
0.033697 0.204266 0.931000 12 15 11
0.166566 0.199301 0.910000 60 68 61
0.178902 0.199253 0.910000 57 67 50
0.183760 0.201871 0.922000 57 63 46
0.257687 0.206865 0.946000 72 40 25
0.257495 0.204670 0.936000 71 37 22
-0.133493 0.205201 0.948000 95 65 56
-0.004332 0.200244 0.924000 16 22 15
-0.001808 0.199594 0.921000 18 23 19
0.000707 0.200678 0.926000 12 17 13
0.018534 0.202406 0.934000 35 34 28
0.033156 0.198494 0.916000 14 20 13
0.036275 0.201958 0.932000 13 17 10
0.130405 0.202174 0.934000 59 55 44
0.132230 0.201083 0.929000 49 45 34
0.134754 0.201075 0.929000 58 53 43
0.137720 0.201715 0.932000 56 51 41
0.178911 0.196788 0.910000 64 74 57
0.184168 0.199806 0.924000 78 84 67
0.257779 0.202350 0.937000 70 36 21
-0.133501 0.202633 0.948000 104 70 62
-0.098413 0.199527 0.933000 13 17 17
-0.095258 0.198251 0.927000 9 13 13
-0.093036 0.198899 0.930000 8 12 12
-0.091089 0.200189 0.936000 11 15 15
-0.006866 0.198168 0.926000 73 74 68
0.003224 0.197740 0.924000 51 59 52
0.018476 0.199233 0.931000 87 85 75
0.020562 0.194952 0.911000 64 68 60
0.033050 0.195370 0.913000 63 67 60
0.036083 0.198363 0.927000 64 66 58
0.122405 0.199028 0.931000 43 40 26
0.124130 0.197737 0.925000 32 29 15
0.125822 0.196446 0.919000 58 55 41
0.128039 0.196010 0.917000 42 41 27
0.130104 0.195361 0.914000 62 61 47
0.132877 0.195780 0.916000 61 60 46
0.136104 0.196840 0.921000 79 77 66
0.140110 0.198968 0.931000 65 65 55
0.168598 0.196721 0.921000 47 48 34
0.179707 0.195178 0.914000 76 84 67
0.185174 0.198371 0.929000 76 84 67
0.216712 0.197176 0.924000 34 38 31
0.218026 0.196100 0.919000 56 60 53
0.220034 0.195664 0.917000 24 30 23
0.223971 0.196934 0.923000 19 25 18
0.258062 0.200025 0.938000 74 37 23
-0.133369 0.199853 0.947000 66 38 29
-0.099660 0.194459 0.921000 61 67 69
-0.087697 0.195758 0.927000 53 60 56
-0.086185 0.198087 0.938000 67 74 71
-0.084077 0.199149 0.943000 72 77 74
-0.081337 0.198733 0.941000 64 67 64
-0.078859 0.198950 0.942000 74 74 72
-0.076375 0.199167 0.943000 73 72 68
-0.040281 0.198593 0.940000 61 65 65
-0.006800 0.193757 0.917000 24 28 20
0.005768 0.196081 0.928000 51 55 47
0.018438 0.196288 0.929000 75 72 56
0.035813 0.194372 0.920000 60 63 49
0.038904 0.197327 0.934000 59 58 44
0.120011 0.196724 0.932000 43 39 25
0.120835 0.193972 0.919000 61 46 31
0.134634 0.192235 0.911000 78 83 71
0.138614 0.194336 0.921000 70 75 64
0.142800 0.196648 0.932000 67 69 59
0.170734 0.193795 0.919000 49 53 35
0.180307 0.193334 0.917000 56 64 57
0.185384 0.196065 0.930000 26 31 20
0.213293 0.193840 0.920000 70 71 59
0.222282 0.192959 0.916000 19 27 20
0.227460 0.195267 0.927000 12 18 11
0.243129 0.199863 0.949000 37 32 26
0.258346 0.197694 0.939000 76 39 25
-0.106496 0.195283 0.937000 71 74 78
-0.085180 0.193252 0.927000 54 62 55
-0.073030 0.194532 0.933000 56 52 42
-0.009504 0.195442 0.937000 56 52 41
-0.006793 0.191063 0.916000 30 33 21
0.005738 0.192523 0.923000 53 58 44
0.018519 0.194604 0.933000 92 89 73
0.020633 0.190640 0.914000 67 73 56
0.035738 0.191461 0.918000 70 76 59
0.038907 0.194796 0.934000 75 74 58
0.111452 0.192555 0.924000 45 41 25
0.113718 0.192131 0.922000 71 67 50
0.116729 0.192957 0.926000 39 37 19
0.118474 0.191699 0.920000 50 48 30
0.137870 0.190799 0.916000 60 69 58
0.142349 0.193498 0.929000 57 58 46
0.171487 0.192137 0.923000 63 68 46
0.179923 0.190434 0.915000 77 85 70
0.184596 0.192713 0.926000 40 35 24
0.226488 0.191924 0.923000 25 31 24
0.257804 0.194734 0.937000 76 39 25
0.268239 0.196787 0.947000 128 93 82
-0.106731 0.193155 0.939000 64 68 68
-0.070418 0.191802 0.932000 76 63 50
-0.006779 0.188168 0.914000 47 50 36
0.005726 0.189609 0.921000 54 59 45
0.018599 0.192899 0.937000 69 66 52
0.020748 0.189191 0.919000 60 64 47
0.038868 0.192058 0.933000 55 59 41
0.106779 0.190683 0.927000 56 52 35
0.137878 0.188317 0.916000 60 69 57
0.142512 0.191186 0.930000 42 43 29
0.170939 0.189020 0.920000 59 69 46
0.182812 0.188356 0.917000 81 73 64
0.228215 0.190860 0.930000 25 33 26
0.257813 0.192195 0.937000 82 43 29
0.267964 0.194015 0.946000 130 92 84
-0.107420 0.191828 0.945000 69 69 67
-0.103185 0.188790 0.930000 8 15 11
-0.068176 0.190093 0.936000 72 69 55
-0.006816 0.186705 0.919000 55 57 40
0.005726 0.187112 0.921000 44 49 35
0.020975 0.188731 0.929000 44 48 31
0.023179 0.186089 0.916000 61 72 55
0.038788 0.189122 0.931000 67 73 55
0.104489 0.188583 0.929000 76 73 57
0.105289 0.185531 0.914000 71 71 53
0.131895 0.184431 0.909000 60 75 62
0.135251 0.185640 0.915000 57 68 55
0.139091 0.187457 0.924000 63 72 60
0.182223 0.185263 0.914000 48 53 41
0.201522 0.187019 0.923000 43 42 26
0.258097 0.189858 0.938000 83 45 28
0.267689 0.191249 0.945000 132 94 87
-0.104635 0.188873 0.943000 41 43 35
-0.101203 0.187277 0.935000 59 67 52
-0.097709 0.185481 0.926000 65 84 64
-0.092368 0.184893 0.923000 54 75 55
-0.006884 0.186017 0.928000 56 55 39
0.005739 0.185015 0.923000 51 60 41
0.023485 0.186010 0.928000 54 58 41
0.025763 0.184204 0.919000 58 69 50
0.041195 0.185993 0.928000 44 44 26
0.044055 0.187393 0.935000 52 46 29
0.103259 0.183861 0.918000 67 66 50
0.133354 0.183969 0.919000 56 71 58
0.137329 0.185962 0.929000 58 67 55
0.140605 0.186954 0.934000 61 66 52
0.170772 0.183834 0.919000 39 47 30
0.182033 0.182586 0.913000 42 50 35
0.187943 0.185976 0.930000 62 53 40
0.198816 0.184327 0.922000 48 50 33
0.223201 0.185839 0.930000 67 76 69
0.258381 0.187516 0.939000 82 44 27
0.267697 0.188688 0.945000 132 93 89
-0.099193 0.185737 0.940000 53 49 32
-0.096121 0.184755 0.935000 69 80 61
-0.093576 0.184762 0.935000 69 83 64
-0.091225 0.185163 0.937000 74 86 65
-0.088958 0.185763 0.940000 68 83 60
-0.085663 0.184188 0.932000 61 80 57
-0.082501 0.182810 0.925000 82 107 83
-0.006966 0.185675 0.939000 48 42 25
-0.004334 0.182710 0.924000 58 60 42
-0.001797 0.180930 0.915000 52 63 42
0.005727 0.182116 0.921000 46 55 36
0.008346 0.184489 0.933000 67 63 47
0.026241 0.185073 0.936000 54 58 40
0.028486 0.183094 0.926000 59 70 49
0.043728 0.183473 0.928000 40 39 23
0.102929 0.180780 0.915000 63 66 52
0.117989 0.180933 0.916000 74 90 71
0.121401 0.182308 0.923000 50 65 43
0.123910 0.182300 0.923000 77 89 68
0.125871 0.181502 0.919000 70 81 62
0.128368 0.181494 0.919000 69 78 59
0.131720 0.182671 0.925000 68 74 56
0.135249 0.184044 0.932000 81 85 67
0.172082 0.182724 0.926000 48 52 35
0.183040 0.181098 0.918000 55 65 50
0.214500 0.182362 0.925000 50 64 45
0.217004 0.182352 0.925000 52 61 49
0.220931 0.183525 0.931000 18 26 18
0.258114 0.184774 0.938000 84 46 29
0.266856 0.185536 0.942000 127 95 90
-0.134558 0.182496 0.937000 144 101 97
-0.083667 0.182835 0.938000 91 106 84
-0.080420 0.181282 0.930000 68 94 74
-0.077469 0.180312 0.925000 63 84 64
-0.074949 0.180318 0.925000 58 78 62
-0.004410 0.183324 0.940000 52 52 34
-0.001813 0.180008 0.923000 49 58 37
0.008257 0.180007 0.923000 69 78 66
0.010892 0.181957 0.933000 81 87 79
0.028703 0.181947 0.933000 61 61 41
0.046561 0.182122 0.934000 61 64 50
0.103723 0.179662 0.922000 57 59 42
0.115506 0.178457 0.916000 59 75 57
0.119156 0.180202 0.925000 65 77 58
0.122987 0.182143 0.935000 48 59 40
0.173660 0.179231 0.921000 65 69 52
0.184246 0.179777 0.924000 54 57 45
0.212923 0.180642 0.929000 55 63 46
0.258398 0.182426 0.939000 84 46 29
0.267148 0.183177 0.943000 123 89 82
-0.134566 0.179955 0.937000 141 98 94
-0.078479 0.180110 0.937000 85 89 71
-0.075765 0.179731 0.935000 76 82 64
-0.001811 0.177312 0.922000 37 46 27
0.010834 0.178464 0.928000 46 55 44
0.028829 0.180184 0.937000 58 52 35
0.046414 0.179012 0.931000 53 54 40
0.106584 0.177731 0.925000 74 71 55
0.108629 0.176955 0.921000 66 76 59
0.110893 0.176564 0.919000 62 72 55
0.113516 0.176748 0.920000 59 75 56
0.116901 0.178086 0.927000 63 74 55
0.176550 0.177108 0.923000 61 62 48
0.178664 0.176715 0.921000 70 77 65
0.181554 0.177089 0.923000 72 79 68
0.258132 0.179689 0.938000 82 43 29
0.266873 0.180429 0.942000 125 89 82
-0.001811 0.174810 0.922000 82 88 71
0.010811 0.175566 0.926000 93 104 91
0.030984 0.175364 0.925000 77 83 66
0.046368 0.176296 0.930000 32 37 23
0.257865 0.176958 0.937000 81 43 26
0.267448 0.178254 0.944000 128 90 83
-0.134726 0.175058 0.938000 140 94 92
-0.001821 0.173241 0.927000 22 28 11
0.010824 0.173240 0.927000 84 95 82
0.031288 0.174536 0.934000 23 29 12
0.033401 0.172291 0.922000 72 81 69
0.043553 0.172654 0.924000 65 84 71
0.046571 0.174519 0.934000 38 49 34
0.257874 0.174418 0.937000 81 42 28
0.266890 0.175322 0.942000 130 89 83
0.000702 0.169251 0.919000 62 70 53
0.010860 0.171276 0.930000 80 89 77
0.033802 0.171814 0.933000 25 27 10
0.036035 0.170338 0.925000 68 78 63
0.041125 0.170517 0.926000 67 77 62
0.114896 0.171284 0.931000 75 69 52
0.117554 0.171461 0.932000 51 45 28
0.258434 0.172244 0.939000 84 45 31
0.266898 0.172768 0.942000 122 86 79
-0.055161 0.168891 0.931000 64 56 39
-0.052340 0.167988 0.926000 76 72 55
-0.049868 0.168173 0.927000 58 52 35
-0.047800 0.169809 0.936000 58 52 35
0.000708 0.168208 0.927000 58 62 45
0.003210 0.166756 0.919000 61 71 56
0.005698 0.166211 0.916000 62 75 60
0.008269 0.167662 0.924000 70 80 65
0.010896 0.169295 0.933000 47 55 40
0.109483 0.168228 0.928000 72 70 52
0.111163 0.166952 0.921000 61 61 43
0.113052 0.166038 0.916000 68 70 52
0.116048 0.166756 0.920000 59 59 41
0.119581 0.168199 0.928000 61 59 41
0.176396 0.166915 0.922000 44 51 48
0.178314 0.166362 0.919000 50 57 54
0.181789 0.167258 0.924000 47 52 48
0.258167 0.169517 0.938000 86 48 31
0.266624 0.170034 0.941000 128 86 78
-0.057889 0.166895 0.934000 55 49 32
-0.054513 0.164397 0.920000 46 44 26
-0.051665 0.163329 0.914000 69 63 46
-0.049226 0.163511 0.915000 62 60 42
-0.047140 0.164944 0.923000 53 51 33
-0.045202 0.167092 0.935000 61 59 41
0.003248 0.166226 0.930000 45 41 24
0.005767 0.165690 0.927000 66 70 52
0.008342 0.166583 0.932000 65 69 51
0.107657 0.166787 0.934000 47 46 32
0.108311 0.163923 0.918000 72 76 59
0.118171 0.163716 0.917000 56 58 40
0.121849 0.165315 0.926000 62 60 42
0.172773 0.163353 0.916000 44 50 43
0.185101 0.165455 0.928000 52 58 51
0.257901 0.166796 0.937000 88 50 33
0.266632 0.167482 0.941000 128 84 74
-0.138480 0.166274 0.946000 123 104 102
-0.093025 0.163408 0.929000 61 57 40
-0.089911 0.162359 0.923000 52 49 33
-0.087681 0.162892 0.926000 56 53 37
-0.085894 0.164305 0.934000 60 57 41
-0.057211 0.162423 0.923000 35 32 18
-0.044577 0.162265 0.922000 77 75 57
-0.042747 0.164907 0.937000 58 56 38
0.107087 0.163372 0.929000 51 55 47
0.124375 0.162794 0.926000 55 51 34
0.170670 0.161228 0.918000 54 60 53
0.184313 0.162235 0.924000 41 49 41
0.191202 0.161680 0.921000 53 53 43
0.192435 0.160618 0.915000 81 82 68
0.194914 0.160609 0.915000 59 61 44
0.202055 0.162345 0.925000 60 57 41
0.245818 0.166413 0.949000 24 16 9
0.258185 0.164431 0.938000 88 50 33
0.266641 0.164931 0.941000 125 83 73
-0.138341 0.163533 0.945000 116 97 95
-0.095458 0.160706 0.928000 62 60 42
-0.091729 0.158634 0.916000 70 69 53
-0.088845 0.157947 0.912000 60 62 45
-0.084704 0.159517 0.921000 72 71 57
-0.083177 0.161428 0.932000 75 72 56
-0.057153 0.159743 0.922000 56 56 46
-0.042339 0.160803 0.928000 50 56 39
-0.040236 0.162538 0.938000 53 55 38
0.028412 0.159949 0.923000 47 44 30
0.030863 0.159601 0.921000 40 37 23
0.033376 0.159599 0.921000 45 44 30
0.036045 0.160289 0.925000 51 49 38
0.038735 0.160980 0.929000 45 43 33
0.107094 0.160850 0.929000 22 28 20
0.169288 0.159783 0.924000 75 76 64
0.183923 0.159382 0.922000 41 49 41
0.189945 0.160228 0.927000 65 65 57
0.189135 0.157453 0.911000 78 81 69
0.204348 0.159653 0.924000 53 50 34
0.245827 0.163840 0.949000 24 14 5
0.266366 0.162206 0.940000 127 85 75
-0.138496 0.161138 0.946000 122 104 99
-0.094539 0.156651 0.919000 64 67 53
-0.082022 0.156680 0.919000 52 55 43
-0.080816 0.159243 0.934000 63 63 53
-0.057343 0.157749 0.925000 42 49 48
-0.042022 0.157087 0.921000 90 98 83
-0.039939 0.158796 0.931000 49 52 38
0.025951 0.157785 0.925000 44 46 36
0.041406 0.158965 0.932000 48 54 47
0.107977 0.155934 0.915000 66 75 63
0.167831 0.155914 0.916000 57 56 40
0.179465 0.155188 0.912000 55 64 53
0.188725 0.156692 0.921000 33 30 23
0.266091 0.159487 0.939000 129 87 77
-0.138211 0.158234 0.944000 139 121 116
-0.094853 0.154658 0.922000 100 102 102
-0.079956 0.155027 0.924000 79 87 79
-0.054468 0.154233 0.919000 67 80 75
-0.041934 0.154249 0.919000 61 72 55
-0.039727 0.155427 0.926000 89 94 80
0.025953 0.155271 0.925000 53 55 45
0.108574 0.154287 0.920000 37 42 28
0.123457 0.154077 0.919000 55 65 50
0.127464 0.155914 0.930000 45 49 32
0.167474 0.153092 0.914000 61 76 54
0.176807 0.152554 0.911000 56 66 57
0.181639 0.154555 0.923000 55 63 55
0.188734 0.154192 0.921000 62 58 47
0.266099 0.156940 0.939000 130 88 80
-0.138366 0.155835 0.945000 139 121 116
-0.095785 0.153638 0.931000 72 76 69
-0.079615 0.151856 0.920000 82 92 81
-0.078365 0.154337 0.935000 65 73 65
-0.055065 0.153386 0.929000 59 70 63
-0.051852 0.151408 0.917000 53 73 55
-0.037082 0.152417 0.923000 71 68 52
-0.034714 0.153080 0.927000 97 94 80
-0.032392 0.154073 0.933000 93 89 75
0.026179 0.154078 0.933000 68 67 51
0.028356 0.152094 0.921000 55 63 48
0.092035 0.153482 0.930000 39 35 25
0.093958 0.152486 0.924000 46 47 41
0.096579 0.152645 0.925000 42 46 39
0.109761 0.153438 0.930000 41 43 26
0.110843 0.151451 0.918000 56 76 60
0.166086 0.151608 0.920000 58 52 35
0.178563 0.151564 0.920000 53 65 56
0.265824 0.154229 0.938000 130 88 78
-0.138374 0.153268 0.945000 148 127 123
-0.130943 0.153616 0.947000 61 26 15
-0.092554 0.149978 0.924000 62 69 57
-0.052591 0.151027 0.930000 57 57 39
-0.049623 0.149731 0.922000 54 71 49
-0.046903 0.149084 0.918000 51 75 51
-0.032012 0.149750 0.922000 82 79 63
-0.029816 0.151376 0.932000 90 86 70
0.028635 0.151052 0.930000 66 68 51
0.030838 0.149426 0.920000 55 65 48
0.087254 0.151453 0.933000 60 54 37
0.088929 0.149986 0.924000 65 62 48
0.098997 0.149963 0.924000 54 54 44
0.112057 0.150580 0.928000 87 85 67
0.113595 0.149275 0.920000 69 80 61
0.128890 0.149556 0.922000 69 71 53
0.163776 0.149281 0.921000 57 55 37
0.176651 0.149561 0.923000 34 43 31
0.190597 0.150650 0.930000 68 63 52
0.191040 0.149022 0.920000 64 61 45
0.211661 0.149435 0.923000 52 44 27
0.215320 0.150235 0.928000 69 61 45
0.265266 0.151361 0.936000 126 84 74
-0.138528 0.150860 0.946000 153 135 130
-0.130812 0.150883 0.946000 61 26 15
-0.093461 0.148903 0.933000 86 84 66
-0.089750 0.146994 0.921000 73 75 57
-0.077872 0.148297 0.929000 39 50 31
-0.075826 0.149259 0.935000 86 87 73
-0.047468 0.148345 0.929000 58 74 48
-0.044498 0.146911 0.920000 69 94 70
-0.029530 0.147405 0.923000 87 83 66
-0.027303 0.149004 0.933000 82 78 61
0.031176 0.148521 0.930000 67 69 51
0.033533 0.147721 0.925000 61 72 53
0.036018 0.147559 0.924000 71 85 66
0.038456 0.147237 0.922000 63 84 64
0.079546 0.148773 0.932000 69 63 46
0.081646 0.147970 0.927000 81 78 58
0.083990 0.147645 0.925000 54 47 27
0.086137 0.147001 0.921000 61 63 45
0.099003 0.147452 0.924000 84 87 73
0.114836 0.148370 0.930000 76 82 64
0.131832 0.147522 0.925000 68 70 53
0.193963 0.146834 0.922000 58 58 40
0.195608 0.146188 0.918000 60 72 53
0.214169 0.146920 0.923000 58 55 39
-0.138682 0.148447 0.947000 161 143 138
-0.130681 0.148156 0.945000 64 29 18
-0.090828 0.146216 0.932000 83 81 61
-0.087341 0.144652 0.922000 50 65 42
-0.075020 0.145148 0.925000 61 65 48
-0.044743 0.145194 0.925000 88 107 84
0.038751 0.145829 0.929000 77 89 70
0.041064 0.145041 0.924000 71 90 70
0.076762 0.145773 0.929000 62 58 41
0.078526 0.144356 0.920000 53 51 33
0.099223 0.145254 0.926000 59 70 51
0.116491 0.144738 0.923000 25 29 11
0.134790 0.145472 0.928000 64 61 47
0.198967 0.144312 0.922000 48 59 38
0.213017 0.143633 0.918000 63 65 48
-0.138690 0.145873 0.947000 159 141 136
-0.130827 0.145742 0.946000 63 28 17
-0.088199 0.143533 0.931000 96 97 75
-0.072659 0.142946 0.927000 66 63 47
-0.044891 0.143141 0.928000 69 81 58
0.041466 0.143916 0.933000 76 86 69
0.043777 0.143142 0.928000 73 84 67
0.046209 0.142831 0.926000 65 80 65
0.048736 0.142828 0.926000 67 83 65
0.076189 0.142168 0.922000 89 89 71
0.096289 0.142126 0.922000 67 78 59
0.099872 0.143661 0.932000 62 68 50
0.116750 0.142538 0.925000 28 30 12
0.134361 0.142488 0.925000 29 30 16
0.199839 0.142424 0.926000 29 38 19
0.212794 0.140987 0.917000 47 57 42
-0.138551 0.143148 0.946000 182 164 159
-0.130557 0.142868 0.944000 69 34 23
-0.088489 0.141455 0.934000 50 51 29
-0.084471 0.139037 0.918000 78 90 67
-0.072272 0.139667 0.922000 64 72 55
-0.042270 0.140316 0.926000 87 96 75
-0.039528 0.139561 0.921000 69 92 72
-0.036894 0.139109 0.918000 60 88 68
0.076359 0.139963 0.924000 85 87 69
0.088855 0.139787 0.923000 84 103 81
0.091469 0.139933 0.924000 73 85 64
0.094190 0.140230 0.926000 74 85 66
0.117640 0.141083 0.932000 53 50 34
0.134224 0.139822 0.924000 81 88 77
0.167573 0.140325 0.928000 57 59 41
0.200280 0.140212 0.928000 19 23 5
0.200390 0.138541 0.917000 75 85 68
0.212571 0.138347 0.916000 54 64 49
-0.138705 0.140725 0.947000 174 163 158
-0.130703 0.140450 0.945000 76 35 22
-0.088968 0.139659 0.939000 45 45 27
-0.084752 0.136987 0.921000 49 58 39
-0.072119 0.136862 0.920000 67 77 62
-0.070594 0.138800 0.933000 85 87 70
-0.040046 0.138841 0.933000 37 46 27
-0.037338 0.138248 0.929000 68 91 71
-0.034727 0.137953 0.927000 72 88 70
0.077024 0.138640 0.932000 86 88 70
0.078712 0.137148 0.922000 66 72 54
0.086813 0.138025 0.928000 68 84 65
0.119796 0.138096 0.929000 51 59 44
0.134667 0.137756 0.927000 71 78 67
0.202365 0.137386 0.926000 50 49 33
0.203545 0.136488 0.920000 71 76 62
0.245649 0.140517 0.948000 32 27 21
-0.139006 0.138442 0.949000 172 161 156
-0.130572 0.137735 0.944000 82 41 28
-0.085769 0.136088 0.932000 17 21 3
-0.081889 0.133902 0.917000 71 81 64
-0.072202 0.134505 0.921000 69 79 64
-0.070674 0.136408 0.934000 48 52 35
0.079741 0.136392 0.934000 69 67 49
0.081935 0.135803 0.930000 66 72 54
0.084470 0.135798 0.930000 69 75 57
0.122331 0.135563 0.929000 61 64 50
0.131726 0.134806 0.924000 69 80 67
0.211485 0.134254 0.922000 72 78 61
0.214909 0.134828 0.926000 69 75 57
-0.130717 0.135311 0.945000 87 48 35
-0.082877 0.132984 0.928000 30 32 14
-0.079394 0.131412 0.917000 74 84 69
-0.072598 0.132715 0.926000 64 84 68
-0.070829 0.134153 0.936000 70 66 50
-0.130448 0.132460 0.943000 90 53 40
-0.080698 0.131025 0.932000 79 77 59
-0.077737 0.130327 0.927000 79 79 61
-0.075371 0.130613 0.929000 64 80 61
-0.073308 0.131461 0.935000 80 84 67
0.259995 0.130919 0.935000 77 36 22
0.271579 0.132855 0.949000 132 84 78
-0.130870 0.130308 0.946000 93 54 41
0.271014 0.130005 0.947000 121 84 81
-0.130461 0.127329 0.943000 108 67 54
0.177501 0.125025 0.927000 84 79 68
0.179821 0.124882 0.926000 76 71 60
0.270450 0.127165 0.945000 122 85 81
-0.088524 0.123665 0.934000 85 75 58
-0.085886 0.123537 0.933000 109 99 82
0.119964 0.123066 0.930000 49 45 31
0.121968 0.122530 0.926000 36 32 21
0.124757 0.122788 0.928000 37 35 25
0.170148 0.122660 0.928000 79 75 61
0.170991 0.121463 0.919000 75 71 60
0.172541 0.120794 0.914000 82 85 73
0.177499 0.120779 0.914000 67 68 56
0.184252 0.121952 0.923000 70 67 53
0.270744 0.124731 0.946000 125 89 82
-0.130198 0.121938 0.941000 64 29 16
0.117060 0.120152 0.927000 58 55 39
0.118293 0.118850 0.917000 62 60 49
0.119867 0.117936 0.910000 75 79 71
0.122612 0.118189 0.912000 37 43 36
0.126054 0.119090 0.919000 44 51 48
0.130233 0.120639 0.931000 48 53 50
0.155707 0.120699 0.932000 78 74 64
0.157219 0.119915 0.926000 90 86 75
0.159044 0.119390 0.922000 61 59 41
0.161372 0.119253 0.921000 86 82 65
0.164584 0.119763 0.925000 70 66 49
0.167095 0.119756 0.925000 84 71 56
0.168138 0.118713 0.917000 85 82 68
0.220554 0.118678 0.918000 57 62 58
0.222795 0.118540 0.917000 16 23 22
0.226995 0.119437 0.924000 17 23 25
0.271037 0.122292 0.947000 127 89 82
-0.130481 0.119631 0.943000 115 73 63
-0.090203 0.117431 0.925000 85 71 54
0.115803 0.116359 0.917000 61 60 44
0.124826 0.115447 0.910000 45 52 48
0.129120 0.117090 0.923000 45 52 49
0.152525 0.117664 0.928000 91 87 77
0.154850 0.115621 0.912000 60 65 51
0.156981 0.115360 0.910000 61 67 50
0.159452 0.115353 0.910000 77 81 63
0.162812 0.115980 0.915000 74 78 60
0.165477 0.116099 0.916000 63 69 51
0.166862 0.115331 0.910000 80 90 73
0.215359 0.116072 0.917000 69 67 56
0.216653 0.115432 0.912000 62 67 56
0.220616 0.114910 0.908000 15 22 18
0.224300 0.115535 0.913000 39 46 43
0.229005 0.116666 0.922000 53 60 59
0.234763 0.118303 0.935000 54 61 60
0.271331 0.119847 0.948000 132 89 83
-0.130487 0.117064 0.943000 76 39 28
-0.108065 0.117862 0.949000 84 79 73
-0.089915 0.114539 0.922000 87 82 62
-0.079425 0.113936 0.917000 57 66 47
0.028691 0.115736 0.931000 88 82 65
0.031032 0.114988 0.925000 93 87 70
0.033523 0.114862 0.924000 86 80 64
0.036242 0.115482 0.929000 73 67 51
0.076816 0.115433 0.929000 58 57 51
0.078837 0.114683 0.923000 36 36 28
0.081355 0.114679 0.923000 24 26 16
0.083963 0.114799 0.924000 94 96 88
0.086389 0.114670 0.923000 30 32 22
0.088327 0.113920 0.917000 75 76 64
0.090629 0.113667 0.915000 86 85 71
0.093530 0.114159 0.919000 90 89 73
0.096766 0.115024 0.926000 84 80 63
0.128287 0.113833 0.917000 32 40 33
0.132635 0.115440 0.930000 37 44 40
0.150010 0.115146 0.928000 66 62 51
0.150559 0.113650 0.916000 69 65 54
0.212010 0.114463 0.924000 54 50 34
0.211957 0.113093 0.913000 46 44 26
0.226777 0.113047 0.913000 44 53 48
0.234017 0.115392 0.932000 42 49 45
0.261095 0.117303 0.948000 81 43 26
0.259484 0.115440 0.933000 78 37 23
0.270766 0.117026 0.946000 131 88 84
-0.130494 0.114497 0.943000 94 57 46
-0.089919 0.112028 0.922000 94 91 71
-0.079429 0.111438 0.917000 54 65 46
0.028477 0.112347 0.924000 68 62 45
0.030497 0.110522 0.909000 88 84 67
0.032908 0.110277 0.907000 74 72 54
0.035619 0.111004 0.913000 58 55 39
0.038614 0.112461 0.925000 84 81 65
0.073886 0.112298 0.924000 37 34 27
0.075497 0.110957 0.913000 34 34 26
0.080125 0.110463 0.909000 46 53 41
0.096040 0.111651 0.919000 99 97 79
0.115562 0.111123 0.915000 47 52 38
0.128013 0.111094 0.915000 65 74 63
0.132499 0.112787 0.929000 65 73 65
0.148724 0.111649 0.920000 70 63 50
0.179614 0.110587 0.912000 60 71 64
0.184682 0.112156 0.925000 68 76 69
0.202447 0.112224 0.926000 75 73 55
0.204291 0.111853 0.923000 61 59 41
0.206790 0.111846 0.923000 84 84 66
0.209516 0.111959 0.924000 71 59 42
0.210182 0.110982 0.916000 43 41 23
0.226537 0.110445 0.912000 52 63 56
0.259770 0.113027 0.934000 77 36 22
0.270201 0.114215 0.944000 134 89 85
-0.130223 0.111692 0.941000 94 55 42
-0.090314 0.109991 0.926000 86 79 58
0.028232 0.108878 0.916000 65 51 34
0.038032 0.108276 0.911000 32 36 19
0.041098 0.109819 0.924000 40 39 23
0.071832 0.110497 0.930000 79 76 60
0.072930 0.108355 0.912000 58 57 43
0.099193 0.109855 0.925000 89 92 78
0.116578 0.109581 0.923000 92 95 81
0.131507 0.109427 0.922000 49 54 43
0.134887 0.110133 0.928000 46 47 41
0.148246 0.108790 0.917000 55 54 38
0.171822 0.107891 0.910000 78 99 89
0.174674 0.108121 0.912000 69 92 84
0.178313 0.108825 0.918000 65 76 71
0.197651 0.109840 0.927000 70 68 50
0.198435 0.108885 0.919000 75 73 55
0.228034 0.108677 0.918000 34 47 43
0.259777 0.110490 0.934000 78 38 21
0.269635 0.111415 0.942000 138 92 86
-0.090904 0.108164 0.932000 71 64 43
0.005807 0.108247 0.932000 109 93 77
0.008318 0.107782 0.928000 82 77 57
0.010854 0.107781 0.928000 63 59 42
0.028295 0.106613 0.918000 68 64 47
0.037867 0.105328 0.907000 71 81 66
0.040789 0.106488 0.917000 57 59 42
0.071835 0.107962 0.930000 85 77 60
0.072934 0.105869 0.912000 74 76 59
0.099412 0.107567 0.927000 62 77 62
0.119096 0.107062 0.923000 92 98 80
0.133730 0.106679 0.920000 23 31 23
0.149222 0.106989 0.923000 90 92 75
0.149758 0.105592 0.911000 79 88 76
0.166047 0.106479 0.919000 88 108 90
0.170009 0.107398 0.927000 59 56 40
0.172152 0.107160 0.925000 85 76 63
0.174284 0.106921 0.923000 88 96 89
0.177171 0.107146 0.925000 99 106 102
0.196166 0.106509 0.920000 65 65 47
0.226296 0.106537 0.921000 21 34 30
0.260062 0.108069 0.935000 82 39 23
0.269356 0.108741 0.941000 141 96 90
-0.087893 0.105062 0.927000 88 87 63
0.003250 0.105365 0.929000 66 60 43
0.040568 0.103420 0.912000 77 83 66
0.043862 0.105346 0.929000 47 46 30
0.072071 0.105768 0.933000 74 70 53
0.083434 0.104048 0.918000 90 102 83
0.086219 0.104384 0.921000 90 102 83
0.088441 0.104040 0.918000 88 99 82
0.092938 0.103464 0.913000 78 97 84
0.099846 0.105495 0.931000 68 86 70
0.122405 0.105222 0.929000 66 75 54
0.123589 0.104083 0.919000 67 84 61
0.136683 0.104507 0.923000 35 41 34
0.151572 0.104357 0.922000 55 54 38
0.153075 0.103671 0.916000 73 80 68
0.154714 0.103099 0.911000 70 89 77
0.163203 0.103758 0.917000 88 98 83
0.167138 0.104656 0.925000 59 65 48
0.195365 0.104918 0.928000 55 53 35
0.207724 0.103519 0.916000 82 99 77
0.213844 0.104069 0.921000 65 77 56
0.217878 0.103603 0.917000 70 81 66
0.221080 0.103935 0.920000 67 76 69
0.224298 0.104266 0.923000 39 48 43
0.260347 0.105642 0.936000 83 37 20
0.268504 0.105847 0.938000 137 93 83
-0.084908 0.101987 0.922000 62 66 38
0.000712 0.103053 0.931000 57 56 40
0.030906 0.101937 0.921000 85 86 72
0.032987 0.100607 0.909000 69 80 65
0.040615 0.101044 0.913000 74 84 67
0.046502 0.103032 0.931000 62 58 41
0.076835 0.102774 0.929000 66 72 54
0.079284 0.102660 0.928000 83 91 74
0.082080 0.102988 0.931000 84 95 76
0.089987 0.103308 0.934000 72 78 60
0.091939 0.102640 0.928000 49 54 40
0.094368 0.102525 0.927000 80 83 71
0.097208 0.102852 0.930000 99 100 88
0.124132 0.102022 0.923000 94 106 83
0.135948 0.101441 0.918000 40 48 41
0.195541 0.101174 0.917000 79 83 65
0.260911 0.103319 0.938000 84 38 21
0.268224 0.103189 0.937000 139 94 84
-0.085189 0.099797 0.925000 81 79 55
-0.050004 0.100166 0.928000 69 69 49
-0.042445 0.100281 0.929000 80 80 62
-0.006936 0.100730 0.933000 68 64 50
-0.004353 0.099974 0.926000 52 48 34
-0.001818 0.099758 0.924000 48 50 33
0.033461 0.099531 0.922000 68 66 48
0.043016 0.098337 0.911000 64 75 54
0.045805 0.098982 0.917000 65 67 49
0.048836 0.100059 0.927000 73 71 53
0.124676 0.099939 0.927000 82 91 70
0.135806 0.098833 0.917000 48 56 49
0.198032 0.098672 0.917000 65 75 58
0.260639 0.100664 0.937000 84 41 23
0.267945 0.100536 0.936000 140 93 83
-0.085377 0.097486 0.927000 50 52 32
-0.049952 0.097530 0.927000 80 87 65
-0.009496 0.098289 0.934000 60 52 35
-0.006869 0.097237 0.924000 63 61 43
0.036099 0.097331 0.925000 78 64 45
0.040218 0.095117 0.904000 92 113 93
0.045357 0.095534 0.908000 66 72 54
0.048470 0.096794 0.920000 49 51 34
0.126518 0.096882 0.922000 74 79 68
0.136552 0.096860 0.922000 71 76 64
0.260368 0.098013 0.936000 84 41 23
0.268524 0.098203 0.938000 135 88 78
-0.128782 0.097137 0.949000 65 28 14
-0.108106 0.097177 0.949000 40 36 26
-0.082405 0.094449 0.922000 32 43 24
-0.050278 0.095616 0.933000 58 66 41
-0.009446 0.095228 0.929000 76 65 50
0.036295 0.095320 0.930000 81 79 59
0.042407 0.092034 0.898000 82 97 82
0.045110 0.092545 0.903000 78 89 74
0.048208 0.093772 0.915000 67 77 62
0.129732 0.094877 0.927000 75 78 66
0.131541 0.094360 0.922000 86 91 79
0.134340 0.094559 0.924000 86 89 77
0.260374 0.095470 0.936000 85 41 25
0.268244 0.095553 0.937000 140 90 81
-0.128787 0.094551 0.949000 68 31 18
-0.108110 0.094590 0.949000 109 104 94
-0.080153 0.092238 0.925000 81 92 73
-0.047834 0.093272 0.935000 75 82 60
-0.009436 0.092594 0.928000 70 72 55
0.005790 0.092694 0.929000 85 99 80
0.038462 0.091883 0.921000 43 49 31
0.042739 0.090283 0.905000 86 101 88
0.045461 0.090779 0.910000 79 90 77
0.048474 0.091775 0.920000 80 89 77
0.260659 0.093026 0.937000 84 40 24
0.267964 0.092908 0.936000 139 89 80
-0.135246 0.091076 0.940000 137 94 88
-0.128793 0.091964 0.949000 69 30 16
-0.037578 0.090632 0.934000 72 95 73
0.041069 0.089562 0.923000 44 46 28
0.043308 0.088978 0.917000 83 91 74
0.046013 0.089364 0.921000 82 90 75
0.237877 0.090536 0.937000 49 51 51
0.246055 0.091683 0.949000 25 19 17
0.261221 0.090672 0.939000 84 41 23
0.267684 0.090268 0.935000 138 88 79
-0.135539 0.088703 0.942000 141 98 92
-0.128391 0.089095 0.946000 70 29 15
-0.108005 0.089320 0.948000 83 78 71
-0.001838 0.088095 0.934000 81 92 75
0.219685 0.085859 0.914000 79 76 69
0.220699 0.085290 0.908000 52 55 51
0.222664 0.085096 0.906000 9 16 15
0.226356 0.085559 0.911000 37 44 43
0.245802 0.089009 0.948000 23 17 14
0.261227 0.088121 0.939000 86 44 26
0.267403 0.087633 0.934000 140 92 85
-0.135400 0.086044 0.941000 132 96 88
-0.128124 0.086333 0.944000 68 27 13
-0.107896 0.086644 0.947000 72 67 60
0.215215 0.083568 0.916000 70 67 51
0.215080 0.082558 0.905000 78 80 70
0.228575 0.082984 0.910000 53 60 56
0.235859 0.084711 0.929000 57 62 58
0.245549 0.086340 0.947000 26 21 15
0.261233 0.085568 0.939000 89 47 27
0.267695 0.085187 0.935000 141 91 84
-0.135117 0.083301 0.939000 139 105 97
-0.128265 0.083848 0.945000 70 29 15
0.212974 0.081170 0.917000 100 94 78
0.211932 0.079836 0.902000 85 88 76
0.227325 0.080067 0.905000 56 67 60
0.235357 0.082008 0.927000 56 64 57
0.245036 0.083588 0.945000 21 18 12
0.261517 0.083105 0.940000 90 47 27
0.267701 0.082646 0.935000 142 90 81
-0.128405 0.081357 0.946000 68 29 15
0.210890 0.077903 0.908000 100 104 87
0.227330 0.077606 0.905000 65 81 73
0.235617 0.079572 0.928000 40 49 42
0.267993 0.080190 0.936000 143 92 80
-0.135126 0.078181 0.939000 138 102 95
-0.128409 0.078777 0.946000 68 29 15
0.211881 0.076683 0.923000 57 55 37
0.210431 0.075266 0.906000 44 53 34
0.229597 0.075891 0.914000 87 101 93
0.267139 0.077397 0.933000 145 92 79
-0.135131 0.075620 0.939000 138 102 95
-0.127871 0.075875 0.942000 71 30 16
-0.107684 0.076149 0.945000 73 63 54
0.206441 0.074022 0.921000 72 70 52
0.207573 0.073534 0.915000 76 80 62
0.208902 0.073127 0.910000 75 82 61
0.226137 0.073089 0.910000 86 100 92
0.233119 0.074529 0.928000 47 56 49
0.266572 0.074701 0.931000 145 92 79
-0.135279 0.073137 0.940000 148 114 107
-0.127875 0.073305 0.942000 68 27 13
-0.107688 0.073570 0.945000 72 60 50
-0.077570 0.071970 0.924000 77 73 56
-0.074642 0.071584 0.919000 68 64 47
-0.072290 0.071742 0.921000 92 88 71
-0.070381 0.072368 0.929000 93 87 70
0.020874 0.071855 0.922000 93 85 68
0.023369 0.071776 0.921000 81 73 56
0.025943 0.071931 0.923000 94 88 71
0.124325 0.071907 0.924000 69 67 49
0.204173 0.071597 0.922000 97 96 80
0.203980 0.070660 0.910000 80 82 65
0.220247 0.070313 0.906000 82 98 89
0.224910 0.071007 0.915000 48 62 54
0.231858 0.072398 0.933000 12 21 16
-0.134996 0.070423 0.938000 143 112 105
-0.127743 0.070661 0.941000 66 25 11
-0.107463 0.070841 0.943000 78 67 54
-0.080528 0.069821 0.929000 88 84 68
-0.076817 0.068771 0.915000 66 63 47
-0.071507 0.068476 0.911000 41 41 23
-0.069853 0.069305 0.922000 45 43 25
0.015919 0.069713 0.927000 79 73 56
0.030890 0.069182 0.920000 91 89 71
0.116527 0.069247 0.922000 75 72 56
0.126295 0.069082 0.920000 77 75 57
0.128940 0.069153 0.921000 90 78 61
0.131874 0.069374 0.924000 99 96 80
0.133953 0.069144 0.921000 79 75 64
0.136458 0.069140 0.921000 82 80 70
0.139417 0.069361 0.924000 76 72 62
0.201743 0.068263 0.911000 58 59 45
0.215826 0.068008 0.908000 92 111 89
0.219484 0.068377 0.913000 90 108 92
0.223656 0.068896 0.920000 88 102 91
0.229340 0.069865 0.933000 26 37 30
-0.135432 0.068082 0.941000 143 117 109
-0.127883 0.068166 0.942000 69 28 14
-0.107581 0.068340 0.944000 100 87 72
-0.080097 0.066922 0.924000 118 114 98
-0.069325 0.066280 0.915000 47 51 33
-0.067849 0.067297 0.929000 92 92 74
-0.014531 0.067326 0.929000 76 68 51
-0.011939 0.067037 0.925000 105 99 82
-0.009369 0.066747 0.921000 66 60 43
-0.006858 0.066820 0.922000 90 80 63
-0.004355 0.067110 0.926000 85 75 58
-0.001829 0.067328 0.929000 71 64 44
0.000712 0.067400 0.930000 86 76 57
0.003252 0.067328 0.929000 107 97 78
0.015833 0.066819 0.922000 115 111 94
0.033479 0.066813 0.922000 78 78 60
0.038728 0.067173 0.927000 61 55 38
0.081510 0.066921 0.924000 73 61 44
0.085710 0.066263 0.915000 90 88 70
0.088303 0.066333 0.916000 57 55 37
0.091297 0.066692 0.921000 65 63 45
0.094421 0.067124 0.927000 75 71 54
0.116025 0.066442 0.918000 76 80 63
0.141627 0.066692 0.922000 72 69 55
0.201083 0.065566 0.908000 77 78 66
0.213139 0.065469 0.907000 91 109 93
0.218683 0.066403 0.920000 59 74 59
-0.135148 0.065375 0.939000 149 125 117
-0.127751 0.065526 0.941000 73 29 15
-0.107584 0.065764 0.944000 99 86 71
-0.080187 0.064469 0.925000 176 170 154
-0.076318 0.063356 0.909000 164 168 150
-0.067559 0.064481 0.925000 99 101 83
-0.017090 0.064857 0.930000 66 59 39
-0.011746 0.063463 0.910000 75 73 53
-0.006769 0.063464 0.910000 81 83 63
-0.004299 0.063743 0.914000 86 88 68
-0.001806 0.063953 0.917000 87 84 64
0.000701 0.063883 0.916000 73 73 53
0.008288 0.064440 0.924000 96 86 67
0.015834 0.064300 0.922000 109 107 89
0.035805 0.063944 0.917000 52 52 34
0.038187 0.063734 0.914000 39 37 19
0.040596 0.063593 0.912000 44 42 24
0.043230 0.063801 0.915000 66 64 46
0.046081 0.064287 0.922000 81 75 58
0.048917 0.064704 0.928000 61 51 34
0.071036 0.064059 0.919000 63 57 40
0.073625 0.064126 0.920000 87 81 64
0.076220 0.064194 0.921000 73 69 52
0.078648 0.064122 0.920000 73 71 53
0.093099 0.063687 0.914000 83 83 65
0.096638 0.064381 0.924000 73 73 55
0.116155 0.064007 0.919000 81 97 88
0.202195 0.063441 0.913000 56 61 50
0.214554 0.063417 0.913000 86 101 88
-0.135296 0.062881 0.940000 170 146 138
-0.127891 0.063026 0.942000 72 29 15
-0.107929 0.063388 0.947000 72 59 46
-0.080536 0.062211 0.929000 111 103 86
-0.076741 0.061209 0.914000 59 61 41
-0.069178 0.061148 0.913000 52 69 46
-0.067562 0.061954 0.925000 56 63 41
-0.016999 0.061981 0.925000 84 82 62
0.010827 0.061982 0.925000 106 104 84
0.015920 0.062115 0.927000 67 61 44
0.018216 0.061311 0.915000 68 74 57
0.048338 0.061432 0.917000 86 84 66
0.051343 0.062033 0.926000 72 58 41
0.061463 0.062026 0.926000 84 73 58
0.063578 0.061622 0.920000 109 103 87
0.065660 0.061218 0.914000 90 87 73
0.068007 0.061082 0.912000 66 65 49
0.096014 0.061457 0.918000 81 85 67
0.118662 0.061495 0.919000 63 81 72
0.204224 0.060816 0.911000 74 85 66
0.212784 0.061137 0.916000 88 97 85
0.216908 0.061599 0.923000 61 68 56
-0.135011 0.060188 0.938000 121 99 93
-0.127894 0.060455 0.942000 74 31 17
-0.107705 0.060674 0.945000 75 64 51
-0.076995 0.058905 0.917000 97 100 78
-0.067417 0.059299 0.923000 102 109 87
-0.017036 0.059582 0.927000 72 65 45
-0.014266 0.058618 0.912000 79 77 57
0.010815 0.059390 0.924000 103 101 83
0.018436 0.059517 0.926000 78 76 58
0.020742 0.058874 0.916000 70 74 57
0.048024 0.058541 0.911000 111 108 92
0.051179 0.059311 0.923000 98 85 70
0.061067 0.059111 0.920000 94 90 74
0.062820 0.058402 0.909000 83 80 66
0.095807 0.058822 0.916000 83 94 75
0.119827 0.059565 0.928000 94 98 90
0.121695 0.059241 0.923000 73 86 73
0.124074 0.059173 0.922000 74 88 69
0.126859 0.059298 0.924000 85 97 78
0.129235 0.059230 0.923000 91 103 84
0.131319 0.059034 0.920000 84 94 77
0.133532 0.058902 0.918000 85 95 80
0.136030 0.058899 0.918000 87 95 80
0.138980 0.059088 0.921000 91 96 82
0.163123 0.058728 0.916000 49 43 26
0.164525 0.058339 0.910000 74 72 54
0.166996 0.058335 0.910000 67 63 46
0.170397 0.058652 0.915000 75 61 44
0.173636 0.058904 0.919000 89 73 57
0.176130 0.058900 0.919000 96 92 76
0.177846 0.058639 0.915000 80 76 60
0.180131 0.058571 0.914000 76 74 56
0.183009 0.058695 0.916000 79 77 59
0.187113 0.059203 0.924000 65 61 44
0.207143 0.059168 0.924000 35 41 23
0.208964 0.058972 0.921000 83 93 76
0.211916 0.059095 0.923000 71 81 64
-0.135303 0.057751 0.940000 167 150 144
-0.127898 0.057884 0.942000 80 34 20
-0.107821 0.058155 0.946000 101 92 81
-0.077249 0.056585 0.920000 107 111 85
-0.067200 0.056593 0.920000 72 84 63
-0.014486 0.056987 0.926000 91 88 68
-0.009258 0.056003 0.910000 53 72 49
0.005656 0.055819 0.907000 78 101 81
0.008226 0.056434 0.917000 80 103 83
0.010828 0.056926 0.925000 97 103 85
0.020946 0.056925 0.925000 41 39 21
0.023298 0.056493 0.918000 68 70 52
0.025724 0.056308 0.915000 71 82 63
0.028287 0.056430 0.917000 74 85 64
0.030795 0.056429 0.917000 76 93 70
0.047920 0.055929 0.909000 72 82 67
0.051069 0.056666 0.921000 65 61 47
0.060870 0.056413 0.917000 75 74 58
0.093006 0.056139 0.913000 68 89 76
0.096437 0.056689 0.922000 81 90 78
0.160113 0.056050 0.913000 57 53 36
0.160989 0.055494 0.904000 36 36 18
0.168539 0.055544 0.905000 72 74 54
0.171373 0.055663 0.907000 93 85 68
0.173451 0.055536 0.905000 87 85 67
0.177770 0.055344 0.902000 84 86 68
0.184080 0.055765 0.909000 73 71 53
0.188802 0.056436 0.920000 75 73 55
0.273164 0.057836 0.945000 121 79 69
-0.135306 0.055186 0.940000 159 142 136
-0.127765 0.055255 0.941000 93 47 33
-0.107596 0.055455 0.944000 121 109 99
-0.077251 0.054072 0.920000 64 68 42
-0.065322 0.054611 0.929000 93 99 81
-0.009411 0.054398 0.925000 89 87 67
-0.006881 0.054399 0.925000 85 87 67
-0.004342 0.054281 0.923000 44 53 32
-0.001810 0.054046 0.919000 84 101 79
0.000699 0.053693 0.913000 79 102 82
0.005737 0.054105 0.920000 71 91 73
0.026090 0.054571 0.928000 74 78 60
0.028689 0.054688 0.930000 68 75 54
0.031232 0.054687 0.930000 39 51 28
0.033484 0.054216 0.922000 71 83 62
0.048237 0.053798 0.915000 72 89 76
0.051348 0.054443 0.926000 80 85 71
0.063238 0.053788 0.915000 78 82 65
0.065522 0.053610 0.912000 67 82 67
0.068013 0.053608 0.912000 66 81 66
0.070658 0.053724 0.914000 66 88 70
0.076394 0.054249 0.923000 62 85 65
0.079085 0.054364 0.925000 35 47 28
0.081345 0.054186 0.922000 84 100 82
0.083407 0.053890 0.917000 80 95 82
0.085816 0.053829 0.916000 75 90 77
0.088316 0.053827 0.916000 83 95 84
0.091013 0.053942 0.918000 75 94 82
0.093925 0.054174 0.922000 87 94 83
0.096963 0.054465 0.927000 63 58 48
0.159590 0.053385 0.910000 71 71 53
0.187369 0.053519 0.913000 79 79 61
0.272879 0.055208 0.944000 125 81 73
-0.135454 0.052677 0.941000 173 158 152
-0.127904 0.052742 0.942000 82 38 24
-0.107827 0.052989 0.946000 65 51 41
-0.064972 0.051792 0.924000 80 92 73
0.000710 0.051983 0.927000 66 75 56
0.003238 0.051870 0.925000 91 101 84
0.036006 0.051695 0.922000 83 95 76
0.038276 0.051358 0.916000 72 95 75
0.040646 0.051189 0.913000 67 92 76
0.043189 0.051243 0.914000 70 93 77
0.045838 0.051410 0.917000 71 93 77
0.048608 0.051690 0.922000 79 90 75
0.064138 0.052017 0.928000 77 74 58
0.066601 0.051959 0.927000 98 97 81
0.069133 0.051957 0.927000 78 89 70
0.071742 0.052012 0.928000 66 74 57
0.074356 0.052066 0.929000 70 74 57
0.160821 0.051295 0.917000 80 82 64
0.161175 0.050620 0.905000 72 83 64
0.187784 0.051143 0.915000 86 96 79
0.272883 0.052642 0.944000 126 82 72
-0.135457 0.050109 0.941000 179 162 156
-0.127636 0.050064 0.940000 92 51 37
-0.074743 0.049047 0.920000 34 43 24
-0.065185 0.049427 0.927000 86 97 78
0.041226 0.049386 0.926000 79 90 71
0.043758 0.049385 0.926000 83 93 76
0.046439 0.049544 0.929000 79 87 70
0.163316 0.048790 0.917000 77 77 59
0.164721 0.048468 0.911000 64 80 61
0.167011 0.048411 0.910000 71 94 72
0.170412 0.048674 0.915000 79 98 75
0.172896 0.048670 0.915000 74 86 65
0.174420 0.048401 0.910000 89 112 92
0.184699 0.048493 0.912000 62 80 64
0.273176 0.050128 0.945000 126 82 72
-0.135748 0.047641 0.943000 177 162 156
-0.127503 0.047448 0.939000 70 29 15
-0.072390 0.046636 0.922000 72 72 54
-0.069569 0.046435 0.918000 64 80 61
-0.067354 0.046639 0.922000 73 92 72
-0.065538 0.047147 0.932000 104 106 86
0.167256 0.046690 0.925000 74 76 59
0.169400 0.046586 0.923000 53 55 37
0.172278 0.046684 0.925000 60 58 40
0.178059 0.046219 0.916000 93 103 88
0.180347 0.046166 0.915000 77 87 78
0.183628 0.046364 0.919000 33 42 35
0.272890 0.047508 0.944000 131 82 70
-0.135894 0.045115 0.944000 172 164 157
-0.127370 0.044837 0.938000 68 27 13
0.272315 0.044845 0.942000 134 81 68
-0.135897 0.042538 0.944000 177 169 162
-0.127508 0.042321 0.939000 69 28 14
0.262160 0.041889 0.933000 92 43 22
0.271740 0.042194 0.940000 135 82 69
-0.136043 0.040004 0.945000 179 169 162
-0.127375 0.039715 0.938000 66 25 11
0.136647 0.039026 0.922000 91 88 72
0.138854 0.038939 0.920000 74 73 59
0.141510 0.038979 0.921000 83 82 68
0.261882 0.039309 0.932000 95 43 24
0.271743 0.039637 0.940000 137 84 71
-0.136190 0.037464 0.946000 172 164 157
-0.127513 0.037193 0.939000 68 27 13
0.131488 0.036474 0.921000 94 82 65
0.143392 0.036305 0.917000 64 61 45
0.207635 0.036158 0.915000 80 73 52
0.209882 0.036115 0.914000 53 48 28
0.213750 0.036350 0.920000 76 72 55
0.261604 0.036734 0.931000 97 45 26
0.271168 0.037002 0.938000 132 79 66
-0.136192 0.034881 0.946000 171 165 158
-0.127107 0.034518 0.936000 69 29 12
0.036246 0.034272 0.928000 67 59 42
0.038491 0.034013 0.921000 70 62 45
0.041009 0.034012 0.921000 74 64 47
0.043716 0.034159 0.925000 84 74 57
0.076242 0.033998 0.921000 67 54 39
0.078159 0.033738 0.914000 74 66 50
0.080654 0.033737 0.914000 75 69 53
0.083604 0.033920 0.919000 77 71 55
0.129263 0.034036 0.923000 56 56 36
0.143238 0.033765 0.916000 87 79 63
0.181347 0.033877 0.920000 94 91 77
0.183243 0.033764 0.917000 72 69 55
0.185932 0.033798 0.918000 108 104 93
0.189037 0.033906 0.921000 114 110 99
0.205833 0.033778 0.918000 65 58 38
0.205822 0.033370 0.907000 54 52 28
0.211197 0.033439 0.909000 45 43 25
0.215773 0.033767 0.918000 76 75 59
0.261607 0.034201 0.931000 94 45 25
0.271170 0.034451 0.938000 135 82 69
-0.136338 0.032332 0.947000 173 167 161
0.033782 0.031804 0.930000 76 68 51
0.035778 0.031324 0.916000 94 86 69
0.037948 0.031050 0.908000 85 85 67
0.040386 0.031015 0.907000 74 74 56
0.043102 0.031185 0.912000 73 71 53
0.046046 0.031492 0.921000 71 61 44
0.073648 0.031447 0.920000 71 63 47
0.075085 0.031002 0.907000 81 78 64
0.079685 0.030863 0.903000 62 61 47
0.082514 0.030998 0.907000 91 87 71
0.085645 0.031236 0.914000 83 81 63
0.088815 0.031474 0.921000 98 90 73
0.144022 0.031435 0.921000 81 77 61
0.176910 0.031030 0.910000 85 89 71
0.178393 0.030857 0.905000 76 82 64
0.180648 0.030821 0.904000 88 96 81
0.183302 0.030852 0.905000 95 100 86
0.186782 0.031020 0.910000 63 67 50
0.190912 0.031291 0.918000 54 50 34
0.205835 0.031277 0.918000 71 64 44
0.213895 0.030994 0.910000 58 66 51
0.217546 0.031162 0.915000 59 68 57
0.219781 0.031126 0.914000 32 40 33
0.224480 0.031087 0.913000 30 37 34
0.261328 0.031635 0.930000 92 43 22
0.270595 0.031832 0.936000 135 82 69
-0.136196 0.029715 0.946000 172 166 160
-0.054885 0.029066 0.924000 125 112 89
-0.052019 0.028878 0.918000 111 100 79
-0.049456 0.028847 0.917000 111 109 85
-0.047103 0.028942 0.920000 76 73 52
-0.037283 0.029134 0.926000 77 74 60
-0.034713 0.029103 0.925000 62 59 45
-0.032219 0.029135 0.926000 100 97 83
0.033637 0.029134 0.926000 64 56 39
0.045596 0.028691 0.912000 76 70 53
0.048775 0.029099 0.925000 66 54 37
0.073249 0.028775 0.915000 49 46 32
0.087852 0.028642 0.911000 78 84 66
0.091032 0.028861 0.918000 82 82 64
0.093843 0.028954 0.921000 98 96 78
0.096355 0.028953 0.921000 102 100 82
0.099190 0.029046 0.924000 106 103 89
0.141672 0.028955 0.922000 62 64 47
0.166551 0.028904 0.921000 60 53 33
0.171180 0.028837 0.919000 56 54 34
0.174059 0.028487 0.908000 100 102 84
0.189459 0.028569 0.911000 76 72 55
0.207642 0.028679 0.915000 61 60 36
0.227200 0.028630 0.914000 10 17 13
0.261330 0.029105 0.930000 96 47 27
0.270597 0.029286 0.936000 139 88 75
-0.136630 0.027218 0.949000 173 164 159
-0.057225 0.026452 0.921000 105 90 70
-0.054173 0.026195 0.912000 75 68 47
-0.044298 0.026255 0.914000 56 58 38
-0.042073 0.026428 0.920000 64 61 41
-0.039601 0.026457 0.921000 75 73 55
-0.029398 0.026344 0.917000 107 103 87
0.033637 0.026602 0.926000 83 75 58
0.045447 0.026111 0.909000 62 79 57
0.048565 0.026455 0.921000 81 90 69
0.073330 0.026303 0.916000 168 165 151
0.094892 0.026034 0.907000 83 87 70
0.097581 0.026090 0.909000 90 91 77
0.100610 0.026233 0.914000 92 83 72
0.104005 0.026461 0.922000 91 77 67
0.139317 0.026468 0.923000 85 84 68
0.163339 0.026278 0.917000 82 72 55
0.164021 0.025990 0.907000 77 75 57
0.170652 0.025870 0.903000 40 52 31
0.189253 0.026057 0.910000 76 82 64
0.194880 0.026484 0.925000 47 45 27
0.210811 0.026270 0.918000 98 97 73
0.211901 0.026096 0.912000 86 94 68
0.226456 0.026055 0.911000 48 56 49
0.248466 0.027103 0.948000 30 18 11
0.261894 0.026632 0.932000 99 47 28
0.270599 0.026740 0.936000 139 88 75
-0.136631 0.024627 0.949000 170 165 159
-0.126295 0.024633 0.949000 68 29 15
-0.056604 0.023674 0.911000 42 40 22
-0.026920 0.023862 0.918000 63 69 52
0.035975 0.023939 0.921000 96 96 78
0.048302 0.023806 0.916000 94 104 81
0.073972 0.024006 0.924000 160 159 143
0.075419 0.023668 0.911000 78 86 71
0.102766 0.023656 0.911000 94 95 81
0.106636 0.023966 0.923000 99 93 77
0.161727 0.023908 0.922000 90 82 65
0.185762 0.023448 0.905000 84 94 77
0.190711 0.023757 0.917000 69 73 55
0.216017 0.023791 0.919000 75 84 55
0.227950 0.023730 0.917000 64 72 64
0.262739 0.024174 0.935000 102 51 30
0.270601 0.024194 0.936000 144 88 75
-0.126296 0.022041 0.949000 69 28 14
-0.056605 0.021183 0.911000 61 71 54
-0.026891 0.021328 0.917000 65 87 69
0.038327 0.021326 0.917000 56 58 40
0.048144 0.021231 0.913000 71 96 68
0.051028 0.021394 0.920000 96 118 92
0.076331 0.021433 0.922000 168 174 157
0.077908 0.021176 0.911000 80 91 76
0.102203 0.021051 0.906000 96 102 85
0.106175 0.021352 0.919000 72 66 49
0.161027 0.021299 0.918000 101 95 78
0.172723 0.020896 0.901000 67 93 73
0.175362 0.020917 0.902000 96 120 100
0.178006 0.020939 0.903000 85 109 90
0.180855 0.020984 0.905000 82 103 90
0.184322 0.021098 0.910000 72 82 67
0.188226 0.021259 0.917000 78 80 63
0.220751 0.021261 0.918000 82 99 77
0.222991 0.021236 0.917000 79 101 83
0.225717 0.021258 0.918000 83 96 81
0.263022 0.021653 0.936000 99 48 27
0.269446 0.021556 0.932000 145 86 74
-0.136634 0.019444 0.949000 173 167 161
-0.126032 0.019408 0.947000 71 32 18
-0.107509 0.019333 0.943000 119 104 91
-0.080564 0.019055 0.929000 60 56 46
-0.057164 0.018876 0.920000 144 141 125
-0.053937 0.018631 0.908000 65 73 56
-0.029335 0.018778 0.915000 84 104 86
-0.027067 0.018943 0.923000 75 94 74
0.041235 0.019003 0.926000 61 66 44
0.043342 0.018817 0.917000 99 119 93
0.045649 0.018735 0.913000 85 110 82
0.051029 0.018878 0.920000 78 98 72
0.079020 0.018953 0.924000 60 59 43
0.081013 0.018829 0.918000 70 78 61
0.083065 0.018726 0.913000 82 98 79
0.085370 0.018684 0.911000 83 102 80
0.102542 0.018636 0.909000 77 98 85
0.161379 0.018835 0.920000 58 50 33
0.161563 0.018568 0.907000 84 90 73
0.171224 0.018542 0.906000 84 106 88
0.175025 0.018684 0.913000 59 77 59
0.178085 0.018744 0.916000 81 95 76
0.180767 0.018763 0.917000 100 111 92
0.183854 0.018823 0.920000 79 87 70
0.263023 0.019106 0.936000 100 49 28
0.268869 0.018980 0.930000 144 85 73
-0.136635 0.016852 0.949000 172 166 159
-0.126166 0.016839 0.948000 66 28 11
-0.107510 0.016756 0.943000 87 74 61
-0.092842 0.016441 0.925000 91 77 60
-0.077608 0.016427 0.924000 46 43 29
-0.075328 0.016481 0.927000 70 64 48
-0.073032 0.016535 0.930000 107 97 80
-0.054829 0.016414 0.923000 80 79 63
-0.051909 0.016290 0.916000 73 87 69
-0.049136 0.016202 0.911000 68 91 71
-0.046696 0.016220 0.912000 67 90 68
-0.044445 0.016309 0.917000 76 100 76
-0.042075 0.016363 0.920000 84 106 82
-0.039388 0.016292 0.916000 97 121 97
-0.036762 0.016239 0.913000 87 112 89
-0.034303 0.016257 0.914000 82 105 85
-0.032012 0.016364 0.920000 80 100 82
-0.029656 0.016454 0.925000 79 97 79
0.043909 0.016523 0.929000 45 43 25
0.046149 0.016416 0.923000 92 97 75
0.048673 0.016415 0.923000 102 107 85
0.051307 0.016450 0.925000 77 87 64
0.088339 0.016282 0.916000 41 53 34
0.099954 0.016136 0.908000 81 102 90
0.164570 0.016145 0.910000 85 91 74
0.166674 0.016108 0.908000 86 96 79
0.169325 0.016125 0.909000 78 88 71
0.172926 0.016230 0.915000 81 85 68
0.263025 0.016560 0.936000 98 47 26
0.268292 0.016415 0.928000 144 85 73
-0.136636 0.014261 0.949000 173 168 161
-0.126034 0.014234 0.947000 71 32 18
-0.107283 0.014149 0.941000 85 72 59
-0.092642 0.013882 0.923000 101 87 70
-0.070037 0.013902 0.924000 94 92 74
-0.049891 0.013921 0.925000 74 64 47
-0.047311 0.013906 0.924000 67 65 47
-0.044979 0.013967 0.928000 85 87 69
-0.042624 0.014027 0.932000 69 75 57
-0.039990 0.013997 0.930000 27 33 15
-0.037245 0.013922 0.925000 73 75 55
-0.034791 0.013953 0.927000 104 106 86
0.091236 0.013837 0.920000 45 51 34
0.093441 0.013792 0.917000 104 112 95
0.095838 0.013776 0.916000 94 104 89
0.098444 0.013790 0.917000 88 96 81
0.247688 0.014155 0.945000 31 16 10
0.262745 0.013998 0.935000 98 47 24
0.269161 0.013935 0.931000 144 84 69
-0.126300 0.011672 0.949000 75 35 18
-0.107626 0.011615 0.944000 38 27 14
-0.089929 0.011335 0.921000 82 80 60
-0.067514 0.011376 0.924000 94 96 78
0.247427 0.011571 0.944000 32 17 11
0.262465 0.011442 0.934000 97 46 23
0.268583 0.011378 0.929000 146 86 71
-0.127528 0.008983 0.939000 113 69 53
-0.126301 0.009080 0.949000 72 32 15
-0.107740 0.009045 0.945000 88 78 69
-0.087510 0.008828 0.922000 83 83 65
-0.084625 0.008790 0.918000 82 99 77
-0.082119 0.008790 0.918000 92 111 88
-0.079699 0.008800 0.919000 71 86 63
0.247690 0.009010 0.945000 31 19 10
0.268584 0.008851 0.929000 143 85 69
0.276928 0.009041 0.949000 136 83 70
-0.126168 0.006480 0.948000 77 36 22
-0.107969 0.006476 0.947000 66 56 47
-0.074680 0.006288 0.919000 91 112 92
0.276053 0.006439 0.946000 136 81 68
-0.125769 0.003878 0.945000 74 33 19
-0.107513 0.003872 0.943000 69 59 50
-0.075249 0.003804 0.926000 109 113 106
0.276053 0.003866 0.946000 135 78 67
-0.125503 0.001294 0.943000 76 35 21
-0.107513 0.001295 0.943000 45 35 26
0.275762 0.001291 0.945000 112 79 68
-0.125503 -0.001282 0.943000 80 39 26
-0.107513 -0.001282 0.943000 125 116 105
0.165839 -0.001245 0.917000 77 66 51
0.168513 -0.001246 0.918000 66 60 44
0.276345 -0.001282 0.947000 133 74 63
-0.125503 -0.003858 0.943000 82 41 27
-0.107855 -0.003872 0.946000 53 41 31
0.162458 -0.003727 0.912000 72 68 52
0.169329 -0.003714 0.909000 78 81 67
0.173497 -0.003750 0.918000 102 102 92
0.176947 -0.003771 0.923000 106 102 92
0.276345 -0.003858 0.947000 134 78 65
-0.125503 -0.006434 0.943000 77 36 22
-0.107741 -0.006450 0.945000 31 19 10
-0.057663 -0.006339 0.928000 94 87 67
-0.055008 -0.006325 0.926000 89 79 60
0.008310 -0.006327 0.926000 106 100 83
0.010773 -0.006286 0.920000 105 99 82
0.013232 -0.006259 0.916000 88 80 64
0.015738 -0.006259 0.916000 125 117 100
0.018283 -0.006273 0.918000 93 83 66
0.020908 -0.006307 0.923000 92 80 63
0.086497 -0.006302 0.923000 45 44 28
0.088534 -0.006268 0.918000 107 108 94
0.090841 -0.006254 0.916000 96 99 87
0.120680 -0.006243 0.915000 69 70 56
0.162280 -0.006209 0.911000 91 89 71
0.174646 -0.006207 0.911000 68 75 64
0.179062 -0.006274 0.921000 82 86 78
0.276345 -0.006434 0.947000 132 77 57
-0.125503 -0.009010 0.943000 76 35 21
-0.107968 -0.009052 0.947000 33 23 14
-0.056793 -0.008743 0.914000 91 79 60
-0.053998 -0.008695 0.909000 95 90 70
-0.051797 -0.008743 0.914000 106 94 77
-0.049892 -0.008849 0.925000 105 101 84
0.005776 -0.008861 0.926000 111 101 84
0.008202 -0.008746 0.914000 95 91 75
0.023331 -0.008793 0.919000 67 59 42
0.079108 -0.008846 0.925000 88 85 71
0.081634 -0.008845 0.925000 90 87 71
0.083613 -0.008787 0.919000 38 36 18
0.085559 -0.008730 0.913000 82 86 69
0.095944 -0.008766 0.917000 38 46 39
0.118187 -0.008743 0.915000 67 75 58
0.127595 -0.008703 0.911000 54 59 45
0.177312 -0.008700 0.912000 67 73 65
0.181954 -0.008805 0.923000 99 103 96
0.217085 -0.008699 0.913000 17 18 12
0.217871 -0.008632 0.906000 28 32 25
0.220322 -0.008631 0.906000 45 49 42
0.223510 -0.008659 0.909000 33 37 30
0.226963 -0.008697 0.913000 21 25 18
0.275760 -0.008991 0.945000 122 78 64
-0.125635 -0.011598 0.944000 67 33 18
-0.107854 -0.011627 0.946000 37 25 16
-0.059421 -0.011267 0.916000 116 104 85
-0.049136 -0.011207 0.911000 93 93 75
-0.047311 -0.011367 0.924000 96 96 78
-0.006891 -0.011394 0.926000 60 50 33
-0.004324 -0.011308 0.919000 64 52 35
-0.001806 -0.011283 0.917000 88 74 57
0.000706 -0.011345 0.922000 95 80 61
0.003243 -0.011394 0.926000 86 72 53
0.005720 -0.011283 0.917000 104 102 84
0.076168 -0.011313 0.920000 62 60 42
0.095525 -0.011223 0.913000 49 60 55
0.117669 -0.011194 0.911000 60 69 50
0.165838 -0.011253 0.917000 84 86 68
0.176728 -0.011151 0.909000 66 75 63
0.213304 -0.011250 0.918000 186 187 173
0.213908 -0.011151 0.910000 38 45 33
0.221296 -0.011025 0.900000 19 29 20
0.224228 -0.011048 0.902000 11 19 12
0.275468 -0.011549 0.944000 127 78 65
-0.125501 -0.014162 0.943000 75 34 20
-0.107853 -0.014212 0.946000 31 19 9
-0.095470 -0.013914 0.926000 84 74 55
-0.092341 -0.013825 0.920000 64 58 41
-0.089537 -0.013781 0.917000 80 74 57
-0.087130 -0.013796 0.918000 69 65 48
-0.084992 -0.013857 0.922000 74 61 46
-0.082833 -0.013918 0.926000 62 49 34
-0.046748 -0.013729 0.913000 60 69 50
-0.009383 -0.013867 0.922000 66 50 34
-0.001783 -0.013612 0.905000 73 88 66
0.003201 -0.013747 0.914000 67 79 54
0.073815 -0.013859 0.922000 67 57 40
0.075339 -0.013678 0.910000 95 93 75
0.096047 -0.013794 0.918000 76 90 82
0.115313 -0.013698 0.912000 46 55 34
0.125113 -0.013680 0.911000 72 88 69
0.128994 -0.013829 0.921000 64 70 52
0.167103 -0.013860 0.924000 60 58 40
0.179587 -0.013659 0.911000 67 60 49
0.182658 -0.013703 0.914000 77 76 70
0.185947 -0.013762 0.918000 99 98 92
0.211444 -0.013631 0.910000 184 190 173
0.227671 -0.013564 0.906000 9 17 10
0.246640 -0.014083 0.941000 33 21 14
0.274592 -0.014072 0.941000 133 80 68
-0.125367 -0.016720 0.942000 83 39 25
-0.107510 -0.016744 0.943000 56 44 34
-0.097889 -0.016427 0.925000 68 62 45
-0.094232 -0.016232 0.914000 63 59 42
-0.079958 -0.016379 0.922000 59 58 42
-0.046287 -0.016066 0.904000 92 104 85
-0.044591 -0.016351 0.920000 67 63 46
-0.011867 -0.016336 0.919000 67 57 40
-0.009210 -0.016087 0.905000 116 114 96
0.020590 -0.016158 0.909000 76 99 83
0.023305 -0.016318 0.918000 75 85 68
0.061153 -0.016365 0.921000 74 73 67
0.063532 -0.016329 0.919000 76 71 64
0.066115 -0.016347 0.920000 100 95 85
0.073654 -0.016345 0.920000 75 71 54
0.085183 -0.016146 0.909000 87 106 86
0.087953 -0.016199 0.912000 98 121 101
0.090442 -0.016198 0.912000 87 111 92
0.093542 -0.016304 0.918000 81 102 89
0.119754 -0.016117 0.908000 89 109 73
0.123035 -0.016222 0.914000 90 106 80
0.126623 -0.016363 0.922000 57 63 45
0.167463 -0.016417 0.926000 48 44 27
0.168326 -0.016256 0.917000 48 50 32
0.169325 -0.016113 0.909000 80 104 80
0.187819 -0.016211 0.915000 79 80 68
0.200217 -0.016205 0.915000 90 88 70
0.226916 -0.015978 0.903000 16 25 18
0.246638 -0.016645 0.941000 32 22 15
0.263850 -0.016440 0.930000 108 53 33
0.274007 -0.016596 0.939000 129 76 64
-0.125100 -0.019252 0.940000 74 31 17
-0.107623 -0.019341 0.944000 39 29 20
-0.097254 -0.018832 0.919000 48 46 28
-0.077355 -0.018880 0.921000 105 93 74
-0.074759 -0.018860 0.920000 107 89 73
-0.072168 -0.018840 0.919000 78 76 58
-0.069961 -0.018923 0.923000 85 79 62
-0.044348 -0.018764 0.915000 75 86 67
-0.014475 -0.018973 0.925000 114 110 93
-0.011725 -0.018624 0.908000 81 83 65
0.018143 -0.018685 0.911000 59 91 74
0.020862 -0.018890 0.921000 68 91 75
0.068329 -0.018779 0.916000 68 62 45
0.075669 -0.018736 0.914000 74 83 64
0.080131 -0.018612 0.908000 66 93 70
0.083065 -0.018714 0.913000 93 110 88
0.086307 -0.018877 0.921000 101 112 93
0.111429 -0.018867 0.921000 53 56 42
0.120017 -0.018638 0.910000 98 109 94
0.123976 -0.018862 0.921000 41 51 34
0.171559 -0.018838 0.921000 77 92 69
0.171980 -0.018612 0.910000 85 107 83
0.185560 -0.018481 0.904000 49 54 42
0.190298 -0.018704 0.915000 58 59 45
0.198169 -0.018741 0.917000 79 75 58
0.228673 -0.018579 0.910000 14 25 20
0.246637 -0.019206 0.941000 34 23 18
0.263848 -0.018970 0.930000 105 52 31
0.274006 -0.019150 0.939000 132 75 64
-0.125232 -0.021843 0.941000 76 32 16
-0.107850 -0.021967 0.946000 50 44 37
-0.097464 -0.021390 0.921000 83 79 62
-0.076682 -0.021212 0.913000 79 99 72
-0.071460 -0.021143 0.910000 120 125 104
-0.069050 -0.021167 0.911000 100 105 84
-0.067146 -0.021354 0.919000 62 56 39
-0.059419 -0.021286 0.916000 83 73 56
-0.044250 -0.021220 0.913000 59 72 49
-0.014412 -0.021410 0.921000 120 105 90
-0.011647 -0.020969 0.902000 77 88 69
0.005695 -0.021225 0.913000 68 88 61
0.008228 -0.021318 0.917000 98 116 89
0.010690 -0.021224 0.913000 104 128 104
0.013188 -0.021224 0.913000 92 115 95
0.015737 -0.021294 0.916000 98 94 77
0.018362 -0.021433 0.922000 107 95 78
0.048882 -0.021545 0.927000 81 57 41
0.051361 -0.021521 0.926000 101 74 59
0.076413 -0.021444 0.923000 86 72 55
0.078506 -0.021327 0.918000 74 95 73
0.081013 -0.021326 0.918000 78 101 79
0.084065 -0.021465 0.924000 88 109 89
0.111307 -0.021360 0.920000 21 26 12
0.120675 -0.021240 0.915000 105 114 103
0.124648 -0.021494 0.926000 107 112 100
0.173490 -0.021280 0.918000 87 100 77
0.193619 -0.021290 0.919000 83 77 60
0.196439 -0.021055 0.909000 74 76 58
0.222275 -0.020922 0.904000 86 102 94
0.225714 -0.021013 0.908000 49 63 55
0.231687 -0.021335 0.922000 9 20 13
0.263563 -0.021477 0.929000 104 51 30
0.274004 -0.021704 0.939000 131 75 64
-0.125364 -0.024439 0.942000 79 35 21
-0.108191 -0.024630 0.949000 30 20 13
-0.098416 -0.024140 0.930000 103 97 80
-0.066342 -0.023581 0.908000 83 95 76
-0.064564 -0.023842 0.918000 89 95 77
-0.060196 -0.024103 0.928000 73 63 46
-0.056666 -0.023688 0.912000 109 97 78
-0.044056 -0.023613 0.909000 30 53 25
-0.041891 -0.023796 0.916000 52 64 39
-0.039644 -0.023952 0.922000 54 59 38
-0.037405 -0.024134 0.929000 86 81 61
-0.014443 -0.023981 0.923000 86 72 55
-0.011724 -0.023592 0.908000 96 94 76
0.003197 -0.023722 0.913000 90 117 94
0.005763 -0.024008 0.924000 101 125 101
0.046098 -0.023951 0.922000 90 78 61
0.067805 -0.023607 0.909000 76 94 76
0.113195 -0.023743 0.915000 87 95 80
0.118052 -0.023714 0.914000 86 93 82
0.121861 -0.023972 0.924000 67 63 52
0.174623 -0.023939 0.924000 87 96 75
0.174638 -0.023601 0.911000 102 114 95
0.187383 -0.023331 0.901000 50 61 42
0.192564 -0.023666 0.914000 58 54 37
0.196869 -0.023585 0.911000 75 75 57
0.212136 -0.023625 0.913000 90 106 88
0.215077 -0.023675 0.915000 53 64 45
0.216126 -0.023518 0.909000 71 81 66
0.218345 -0.023491 0.908000 104 113 101
0.221774 -0.023592 0.912000 70 79 68
0.225470 -0.023720 0.917000 45 53 45
0.229192 -0.023847 0.922000 23 31 24
0.251030 -0.024508 0.948000 41 24 18
-0.125628 -0.027069 0.944000 92 48 34
-0.095774 -0.026654 0.929000 93 85 68
-0.092437 -0.026426 0.921000 65 61 44
-0.089045 -0.026169 0.912000 81 90 71
-0.086271 -0.026084 0.909000 80 91 70
-0.083790 -0.026085 0.909000 71 96 70
-0.064071 -0.026151 0.911000 67 78 61
-0.062731 -0.026639 0.928000 98 98 80
-0.057473 -0.026555 0.925000 67 55 38
-0.054292 -0.026240 0.914000 97 95 75
-0.038913 -0.025985 0.905000 72 84 61
-0.036881 -0.026302 0.916000 56 42 25
-0.034864 -0.026676 0.929000 67 53 34
0.000699 -0.026220 0.913000 70 96 76
0.003232 -0.026507 0.923000 90 113 93
0.043860 -0.026645 0.928000 65 57 41
0.068252 -0.026264 0.915000 93 94 80
0.114554 -0.026558 0.926000 81 84 70
0.116951 -0.026528 0.925000 71 74 62
0.119600 -0.026555 0.926000 59 60 48
0.176745 -0.026400 0.922000 60 57 41
0.177497 -0.026140 0.913000 100 110 95
0.187589 -0.025816 0.902000 67 81 63
0.192773 -0.026186 0.915000 65 74 55
0.198596 -0.026296 0.919000 58 58 40
0.198241 -0.025923 0.906000 81 85 67
0.201804 -0.025747 0.900000 72 92 76
0.205148 -0.025859 0.904000 80 102 86
0.209892 -0.026143 0.914000 93 102 90
0.234448 -0.026670 0.933000 16 21 17
0.251293 -0.027117 0.949000 41 24 18
0.273125 -0.026726 0.936000 137 76 65
-0.125493 -0.029616 0.943000 96 50 36
-0.090898 -0.029259 0.931000 67 60 40
-0.087693 -0.029040 0.924000 89 86 66
-0.085171 -0.029041 0.924000 91 96 74
-0.082828 -0.029105 0.926000 82 97 74
-0.079693 -0.028886 0.919000 64 77 54
-0.064070 -0.028641 0.911000 56 84 67
-0.062595 -0.029114 0.926000 47 58 41
-0.052189 -0.028960 0.921000 51 46 25
-0.036277 -0.028335 0.901000 67 83 64
-0.034451 -0.028870 0.918000 67 63 46
-0.009413 -0.029094 0.925000 90 82 65
-0.006868 -0.029031 0.923000 69 63 46
-0.004343 -0.029031 0.923000 37 48 29
-0.001824 -0.029126 0.926000 25 41 22
0.043434 -0.028900 0.919000 61 58 42
0.065823 -0.028798 0.916000 72 97 81
0.180563 -0.028722 0.916000 45 50 38
0.189043 -0.028494 0.909000 90 103 88
0.194035 -0.028868 0.921000 82 92 77
0.201084 -0.028799 0.919000 98 96 78
0.202244 -0.028609 0.913000 67 71 53
0.204941 -0.028638 0.914000 63 69 52
0.208096 -0.028730 0.917000 79 85 68
0.251291 -0.029700 0.949000 40 23 18
0.262990 -0.028997 0.927000 112 60 43
0.272540 -0.029209 0.934000 132 71 59
-0.131783 -0.031844 0.933000 130 99 92
-0.125226 -0.032123 0.941000 89 38 25
-0.080819 -0.031842 0.932000 58 51 31
-0.077434 -0.031502 0.922000 71 87 68
-0.074348 -0.031264 0.915000 96 119 99
-0.071613 -0.031163 0.912000 88 114 95
-0.066558 -0.031131 0.911000 74 101 87
-0.064632 -0.031405 0.919000 61 86 70
-0.062865 -0.031782 0.930000 48 58 43
-0.052359 -0.031581 0.924000 68 66 46
-0.034037 -0.031005 0.907000 64 80 61
-0.032323 -0.031757 0.929000 66 72 54
0.043292 -0.031310 0.916000 89 78 65
0.058569 -0.031442 0.920000 85 94 87
0.061149 -0.031475 0.921000 77 85 78
0.063734 -0.031508 0.922000 60 63 51
0.183445 -0.031286 0.918000 92 97 86
0.184922 -0.031113 0.913000 83 92 81
0.187398 -0.031111 0.913000 78 85 73
0.191328 -0.031347 0.920000 36 32 21
0.251023 -0.032249 0.948000 39 24 19
0.263839 -0.031620 0.930000 104 52 35
0.272537 -0.031749 0.934000 134 75 63
-0.124957 -0.034619 0.939000 77 34 20
-0.075647 -0.034356 0.931000 59 53 36
-0.072554 -0.034099 0.924000 58 60 42
-0.069803 -0.033989 0.921000 101 105 87
-0.067507 -0.034101 0.924000 95 87 71
-0.052528 -0.034218 0.927000 74 64 47
-0.033849 -0.033301 0.902000 92 106 88
-0.032183 -0.034150 0.925000 82 96 78
0.043527 -0.033999 0.921000 69 58 43
0.056053 -0.033958 0.920000 49 63 54
0.263837 -0.034150 0.930000 103 51 34
0.272243 -0.034253 0.933000 133 72 60
-0.131637 -0.036899 0.932000 124 98 90
-0.124955 -0.037183 0.939000 79 38 24
-0.049454 -0.036357 0.917000 90 90 72
-0.046230 -0.035803 0.903000 93 114 94
-0.034036 -0.035965 0.907000 76 102 82
-0.032217 -0.036719 0.926000 79 100 80
0.045944 -0.036438 0.919000 60 57 43
0.048034 -0.036119 0.911000 97 111 93
0.050524 -0.036119 0.911000 103 112 100
0.053305 -0.036316 0.916000 92 101 90
0.263834 -0.036680 0.930000 108 56 39
0.272241 -0.036790 0.933000 138 75 63
-0.125086 -0.039789 0.940000 77 36 22
-0.046997 -0.038907 0.918000 79 71 54
-0.043955 -0.038442 0.907000 96 102 84
-0.041247 -0.038231 0.902000 82 104 86
-0.038823 -0.038274 0.903000 69 95 75
-0.036556 -0.038487 0.908000 73 96 76
-0.034486 -0.038954 0.919000 96 107 88
0.247929 -0.039908 0.946000 53 44 39
0.263831 -0.039209 0.930000 114 62 45
0.271654 -0.039243 0.931000 137 74 62
-0.131915 -0.042078 0.934000 126 99 94
-0.125483 -0.042491 0.943000 93 49 35
-0.044778 -0.041689 0.924000 63 61 43
-0.042023 -0.041464 0.919000 70 72 54
-0.039554 -0.041510 0.920000 53 65 46
-0.037199 -0.041691 0.924000 78 94 75
0.264112 -0.041784 0.931000 112 60 43
0.271651 -0.041775 0.931000 135 74 62
-0.125347 -0.045018 0.942000 103 59 45
-0.104921 -0.045085 0.943000 83 74 69
0.264109 -0.044316 0.931000 114 62 45
0.271065 -0.044211 0.929000 141 81 66
-0.125478 -0.047640 0.943000 91 46 34
-0.105253 -0.047813 0.946000 52 43 38
0.271353 -0.046788 0.930000 140 84 59
-0.124943 -0.050002 0.939000 82 38 26
-0.105139 -0.050343 0.945000 57 50 48
0.100355 -0.049814 0.935000 68 65 61
0.102905 -0.049811 0.935000 60 58 56
0.105341 -0.049755 0.934000 39 39 37
0.108003 -0.049806 0.935000 31 34 31
0.110434 -0.049750 0.934000 32 35 31
0.141257 -0.049822 0.936000 30 32 34
0.143957 -0.049872 0.937000 32 34 36
0.146036 -0.049709 0.934000 36 38 38
0.149053 -0.049866 0.937000 21 23 23
0.151925 -0.049969 0.939000 24 26 26
0.154642 -0.050019 0.940000 22 25 22
0.156695 -0.049856 0.937000 19 24 21
0.194149 -0.050285 0.946000 30 31 25
0.196298 -0.050175 0.944000 23 24 18
0.205053 -0.050429 0.949000 25 24 18
0.207405 -0.050372 0.948000 25 24 18
0.209751 -0.050315 0.947000 16 17 11
0.213745 -0.050042 0.942000 16 17 11
0.271058 -0.049263 0.929000 144 88 63
-0.131762 -0.052220 0.933000 143 128 115
-0.124940 -0.052565 0.939000 92 47 35
-0.105582 -0.053148 0.949000 59 52 50
0.005874 -0.052811 0.942000 16 19 15
0.008442 -0.052755 0.941000 22 25 21
0.011027 -0.052811 0.942000 23 24 20
0.013603 -0.052810 0.942000 27 26 20
0.114549 -0.053026 0.947000 17 18 14
0.117254 -0.053079 0.948000 19 20 14
0.119837 -0.053076 0.948000 18 19 13
0.122548 -0.053129 0.949000 18 19 13
0.135326 -0.053058 0.948000 26 27 23
0.271055 -0.051789 0.929000 141 82 70
-0.131618 -0.054708 0.932000 158 142 127
-0.124671 -0.055011 0.937000 91 47 33
-0.063933 -0.055599 0.946000 27 26 22
-0.061349 -0.055601 0.946000 44 43 39
-0.058702 -0.055544 0.945000 34 33 29
-0.024988 -0.055265 0.940000 21 18 11
-0.022441 -0.055325 0.941000 93 91 81
-0.019868 -0.055325 0.941000 19 15 4
-0.017350 -0.055502 0.944000 93 89 78
-0.014768 -0.055503 0.944000 28 24 14
-0.012225 -0.055679 0.947000 22 17 7
0.271051 -0.054315 0.929000 144 85 74
0.279448 -0.055481 0.949000 131 75 66
-0.131897 -0.057374 0.934000 57 43 26
-0.124800 -0.057630 0.938000 90 44 30
-0.051062 -0.058254 0.947000 18 17 11
-0.048320 -0.058071 0.944000 21 20 14
-0.045740 -0.058072 0.944000 16 15 9
-0.007037 -0.058207 0.946000 16 17 11
-0.004441 -0.058084 0.944000 18 19 13
-0.001855 -0.057961 0.942000 41 40 34
0.000721 -0.057899 0.941000 33 32 26
0.003294 -0.057899 0.941000 18 17 11
0.005880 -0.058022 0.943000 20 19 13
0.271047 -0.056841 0.929000 137 76 65
0.279444 -0.058061 0.949000 131 71 65
-0.131894 -0.059922 0.934000 57 46 31
-0.124531 -0.060061 0.936000 85 48 34
-0.045981 -0.060973 0.949000 18 15 9
-0.043387 -0.060974 0.949000 15 14 8
0.000726 -0.060921 0.948000 60 59 53
0.163844 -0.060840 0.949000 31 32 26
0.166246 -0.060772 0.948000 22 21 15
0.174153 -0.060823 0.949000 31 26 20
0.176356 -0.060691 0.947000 94 89 83
0.178927 -0.060686 0.947000 89 84 78
0.181688 -0.060746 0.948000 92 87 81
0.184260 -0.060742 0.948000 81 76 70
0.186437 -0.060609 0.946000 55 50 44
0.189203 -0.060669 0.947000 74 69 63
0.191973 -0.060729 0.948000 51 46 40
0.271043 -0.059367 0.929000 144 83 72
0.279440 -0.060641 0.949000 132 72 64
-0.132031 -0.062538 0.935000 43 36 23
-0.124661 -0.062682 0.937000 82 53 38
0.034425 -0.063504 0.948000 41 38 34
0.037056 -0.063570 0.949000 62 57 51
0.273081 -0.062359 0.936000 145 82 70
-0.132027 -0.065089 0.935000 37 33 23
-0.124258 -0.065030 0.934000 67 52 37
-0.123669 -0.066078 0.949000 71 51 35
0.268238 -0.064353 0.928000 150 85 71
-0.132306 -0.067784 0.937000 33 30 23
-0.124254 -0.067579 0.934000 53 46 33
-0.123405 -0.068523 0.947000 63 48 33
0.158674 -0.068611 0.949000 101 48 33
0.161253 -0.068606 0.949000 90 47 31
0.192162 -0.068549 0.949000 81 44 30
0.194529 -0.068472 0.948000 83 49 34
0.197307 -0.068539 0.949000 86 49 35
0.271412 -0.067668 0.939000 146 85 73
-0.132867 -0.070640 0.941000 45 44 38
-0.122619 -0.070656 0.941000 49 46 32
0.148194 -0.071142 0.948000 101 53 36
0.150454 -0.070987 0.946000 100 52 35
0.153026 -0.070982 0.946000 101 52 32
0.155597 -0.070978 0.946000 102 52 35
0.157833 -0.070823 0.944000 102 52 35
0.160229 -0.070743 0.943000 101 51 35
0.162963 -0.070814 0.944000 107 54 39
0.165352 -0.070734 0.943000 104 52 35
0.167913 -0.070729 0.943000 100 50 33
0.169931 -0.070499 0.940000 103 51 34
0.172483 -0.070494 0.940000 100 48 29
0.174662 -0.070340 0.938000 99 47 28
0.177397 -0.070410 0.939000 103 51 32
0.179945 -0.070405 0.939000 103 54 34
0.182686 -0.070475 0.940000 102 53 33
0.185039 -0.070395 0.939000 102 53 33
0.187586 -0.070390 0.939000 100 50 33
0.190132 -0.070385 0.939000 104 54 38
0.192062 -0.070155 0.936000 102 54 38
0.194599 -0.070150 0.936000 106 55 42
0.197136 -0.070145 0.936000 107 56 43
0.200312 -0.070364 0.939000 103 54 41
0.202424 -0.070209 0.937000 108 59 46
0.204963 -0.070204 0.937000 104 55 42
0.206836 -0.069974 0.934000 103 57 43
0.209589 -0.070044 0.935000 107 60 48
0.212121 -0.070039 0.935000 109 62 50
0.214652 -0.070033 0.935000 109 63 49
0.216951 -0.069953 0.934000 105 59 45
0.219243 -0.069873 0.933000 104 56 40
0.221768 -0.069868 0.933000 112 62 46
0.224533 -0.069938 0.934000 115 65 49
0.226816 -0.069858 0.933000 110 64 50
0.229586 -0.069927 0.934000 112 66 52
0.231614 -0.069773 0.932000 113 67 53
0.234637 -0.069917 0.934000 114 68 54
0.236654 -0.069762 0.932000 112 67 55
0.239430 -0.069832 0.933000 118 74 66
0.241693 -0.069752 0.932000 107 66 62
0.244474 -0.069822 0.933000 113 76 73
0.246730 -0.069742 0.932000 146 113 114
0.248713 -0.069587 0.930000 130 97 98
0.267441 -0.069852 0.934000 148 88 73
-0.122224 -0.072990 0.938000 38 34 23
0.044785 -0.073857 0.948000 104 54 37
0.047425 -0.073934 0.949000 103 53 36
0.049913 -0.073776 0.947000 103 53 36
0.052501 -0.073774 0.947000 105 55 39
0.055088 -0.073772 0.947000 106 56 39
0.057675 -0.073770 0.947000 103 53 37
0.060326 -0.073846 0.948000 102 52 36
0.062849 -0.073766 0.947000 104 51 36
0.065297 -0.073608 0.945000 102 49 34
0.067662 -0.073372 0.942000 104 49 34
0.070234 -0.073369 0.942000 107 52 37
0.072884 -0.073445 0.943000 104 49 34
0.075378 -0.073364 0.942000 100 46 29
0.077702 -0.073128 0.939000 99 45 28
0.080265 -0.073125 0.939000 98 44 27
0.082739 -0.073044 0.938000 101 46 27
0.085390 -0.073119 0.939000 103 49 30
0.087952 -0.073116 0.939000 103 48 29
0.090514 -0.073113 0.939000 106 51 32
0.092778 -0.072876 0.936000 106 51 34
0.095229 -0.072795 0.935000 102 47 30
0.097779 -0.072792 0.935000 106 51 32
0.100543 -0.072944 0.937000 108 53 34
0.102768 -0.072707 0.934000 108 53 34
0.105314 -0.072703 0.934000 106 51 32
0.107629 -0.072544 0.932000 106 48 32
0.110405 -0.072696 0.934000 107 49 33
0.112829 -0.072614 0.933000 106 51 34
0.115495 -0.072688 0.934000 109 54 37
0.117787 -0.072529 0.932000 108 54 37
0.260707 -0.071936 0.928000 141 86 73
0.266049 -0.072706 0.938000 143 87 74
-0.129466 -0.075294 0.935000 54 53 47
-0.120048 -0.075795 0.941000 39 37 26
-0.118234 -0.076282 0.947000 45 42 28
-0.025220 -0.076537 0.949000 108 55 32
-0.022554 -0.076296 0.946000 108 55 34
-0.019947 -0.076216 0.945000 107 53 30
-0.017345 -0.076136 0.944000 108 55 34
-0.014780 -0.076217 0.945000 107 52 32
-0.012183 -0.076137 0.944000 106 51 31
-0.009592 -0.076057 0.943000 108 53 33
-0.007006 -0.075977 0.942000 111 56 37
-0.004421 -0.075816 0.940000 108 53 34
-0.001851 -0.075816 0.940000 112 57 38
0.000720 -0.075816 0.940000 109 54 35
0.003286 -0.075735 0.939000 109 54 37
0.005848 -0.075654 0.938000 108 53 36
0.008412 -0.075654 0.938000 108 53 34
0.010965 -0.075573 0.937000 113 58 39
0.013513 -0.075492 0.936000 110 55 36
0.016038 -0.075330 0.934000 108 53 34
0.018571 -0.075249 0.933000 109 55 38
0.021099 -0.075167 0.932000 108 54 37
0.124186 -0.074334 0.923000 149 94 77
0.126699 -0.074330 0.923000 148 93 76
0.129211 -0.074326 0.923000 150 94 79
0.131581 -0.074241 0.922000 148 93 76
0.136450 -0.074151 0.921000 157 99 83
0.141614 -0.074223 0.922000 158 101 82
0.256791 -0.074790 0.932000 144 91 79
0.261256 -0.075346 0.939000 145 92 79
-0.126645 -0.077682 0.933000 48 47 41
-0.117106 -0.078116 0.938000 41 37 27
-0.115406 -0.078703 0.945000 46 43 29
-0.079579 -0.079003 0.948000 113 58 43
-0.076829 -0.078839 0.946000 107 52 37
-0.074247 -0.078842 0.946000 111 56 39
-0.071588 -0.078761 0.945000 116 61 44
-0.068935 -0.078681 0.944000 113 58 39
-0.066287 -0.078600 0.943000 114 60 41
-0.063712 -0.078603 0.943000 111 57 38
-0.061007 -0.078438 0.941000 113 59 42
-0.058374 -0.078357 0.940000 113 61 44
-0.055866 -0.078443 0.941000 112 59 44
-0.053352 -0.078528 0.942000 111 56 41
-0.050670 -0.078363 0.940000 109 53 38
-0.048000 -0.078199 0.938000 104 49 32
-0.045340 -0.078034 0.936000 102 47 28
-0.042782 -0.078035 0.936000 108 51 32
-0.040267 -0.078120 0.937000 108 51 32
-0.037706 -0.078122 0.937000 105 48 29
-0.035108 -0.078040 0.936000 106 49 30
0.145679 -0.077564 0.932000 146 82 64
0.148372 -0.077642 0.933000 153 89 73
0.150909 -0.077637 0.933000 147 92 75
0.153280 -0.077549 0.932000 145 90 75
0.155813 -0.077544 0.932000 147 94 79
0.158345 -0.077539 0.932000 146 93 80
0.160877 -0.077534 0.932000 139 86 73
0.163408 -0.077529 0.932000 141 88 73
0.166295 -0.077690 0.934000 146 93 80
0.168831 -0.077685 0.934000 151 98 85
0.171367 -0.077679 0.934000 152 99 84
0.173902 -0.077674 0.934000 149 96 81
0.176437 -0.077669 0.934000 147 95 78
0.178779 -0.077580 0.933000 151 97 78
0.181310 -0.077575 0.933000 145 90 71
0.184038 -0.077652 0.934000 140 85 65
0.187170 -0.077896 0.937000 140 85 65
0.189913 -0.077974 0.938000 140 85 65
0.192662 -0.078052 0.939000 144 85 65
0.194999 -0.077963 0.938000 141 84 64
0.197962 -0.078123 0.940000 141 87 68
0.200296 -0.078035 0.939000 137 85 68
0.203056 -0.078112 0.940000 138 85 70
0.205384 -0.078023 0.939000 147 84 72
0.208148 -0.078101 0.940000 143 82 70
0.210246 -0.077929 0.938000 147 86 74
0.213012 -0.078006 0.939000 143 82 70
0.215784 -0.078084 0.940000 144 83 71
0.218793 -0.078244 0.942000 145 87 72
0.221107 -0.078155 0.941000 143 87 72
0.223891 -0.078233 0.942000 145 89 74
0.226199 -0.078144 0.941000 145 89 74
0.228745 -0.078138 0.941000 148 93 80
0.231044 -0.078049 0.940000 143 90 77
0.233586 -0.078044 0.940000 146 93 80
0.235877 -0.077955 0.939000 151 96 83
0.238669 -0.078032 0.940000 146 90 79
0.241467 -0.078110 0.941000 142 87 74
0.244270 -0.078187 0.942000 141 86 73
0.247078 -0.078264 0.943000 142 86 73
0.249626 -0.078259 0.943000 140 84 71
0.252174 -0.078253 0.943000 142 86 75
0.254992 -0.078330 0.944000 149 96 84
0.258360 -0.078574 0.947000 146 99 89
-0.128541 -0.081430 0.947000 51 52 46
-0.123834 -0.080059 0.931000 46 47 41
-0.104211 -0.080609 0.937000 89 62 47
-0.101765 -0.080699 0.938000 119 78 64
-0.098996 -0.080530 0.936000 128 81 71
0.021098 -0.080257 0.932000 155 97 82
0.023722 -0.080515 0.935000 149 93 78
0.026278 -0.080514 0.935000 147 92 77
0.028833 -0.080513 0.935000 147 93 76
0.031456 -0.080684 0.937000 147 93 76
0.034017 -0.080682 0.937000 145 90 71
0.036656 -0.080853 0.939000 147 92 75
0.039181 -0.080766 0.938000 154 87 73
0.041833 -0.080936 0.940000 154 89 75
0.044402 -0.080934 0.940000 153 90 78
0.046920 -0.080846 0.939000 154 91 79
0.049538 -0.080931 0.940000 149 87 72
0.052217 -0.081101 0.942000 150 84 68
0.054965 -0.081357 0.945000 152 86 70
0.057608 -0.081441 0.946000 150 86 70
0.060191 -0.081438 0.946000 152 88 72
0.062775 -0.081436 0.946000 153 90 78
0.065428 -0.081520 0.947000 152 91 79
0.068085 -0.081603 0.948000 150 89 77
0.070599 -0.081514 0.947000 152 91 79
0.073262 -0.081598 0.948000 151 90 78
0.112167 -0.081631 0.949000 146 82 64
0.114752 -0.081627 0.949000 150 86 70
0.117338 -0.081622 0.949000 147 82 68
0.119923 -0.081618 0.949000 145 83 68
-0.126224 -0.084195 0.949000 46 50 43
-0.121555 -0.082780 0.933000 43 44 38
-0.037703 -0.083238 0.937000 153 93 77
-0.035180 -0.083329 0.938000 148 90 74
-0.032617 -0.083330 0.938000 147 89 74
-0.030053 -0.083331 0.938000 147 91 76
-0.027548 -0.083510 0.940000 152 97 82
-0.024952 -0.083423 0.939000 156 94 79
-0.022433 -0.083601 0.941000 157 94 82
-0.019860 -0.083602 0.941000 157 96 84
-0.017306 -0.083692 0.942000 153 97 84
-0.014731 -0.083692 0.942000 159 100 88
-0.012169 -0.083782 0.943000 161 100 88
-0.009621 -0.084049 0.946000 152 90 75
-0.007050 -0.084227 0.948000 155 90 76
-0.004458 -0.084227 0.948000 156 91 77
-0.001868 -0.084316 0.949000 153 88 74
0.003321 -0.084316 0.949000 151 97 80
-0.098882 -0.085546 0.935000 116 75 61
-0.096436 -0.085641 0.936000 147 94 81
-0.093884 -0.085645 0.936000 158 97 85
-0.091428 -0.085740 0.937000 158 95 83
-0.089062 -0.085927 0.939000 157 94 82
-0.086777 -0.086205 0.942000 155 92 80
-0.084386 -0.086391 0.944000 153 97 82
-0.081897 -0.086486 0.945000 155 97 82
-0.079150 -0.086306 0.943000 150 92 77
-0.076658 -0.086401 0.944000 158 98 82
-0.074081 -0.086404 0.944000 155 95 79
-0.071655 -0.086590 0.946000 159 95 79
-0.069073 -0.086593 0.946000 158 92 76
-0.066560 -0.086688 0.947000 157 93 77
-0.063907 -0.086599 0.946000 160 96 80
-0.061388 -0.086693 0.947000 157 91 75
-0.058926 -0.086879 0.949000 155 89 73
